0   1
1   0
2   3
3   2
4   5
5   4
6   7
7   6
8   9
9   8
10   11
11   10
12   13
13   12
14   15
15   14
16   17
17   16
18   19
19   18
20   21
21   20
22   23
23   22
24   25
25   24
26   27
27   26
28   29
29   28
30   31
31   30
1   3
3   1
3   5
5   3
5   7
7   5
7   9
9   7
9   11
11   9
11   13
13   11
13   15
15   13
15   17
17   15
17   19
19   17
19   21
21   19
0   2
2   0
2   4
4   2
4   6
6   4
6   8
8   6
8   10
10   8
10   12
12   10
12   14
14   12
14   16
16   14
16   18
18   16
18   20
20   18
0   22
22   0
4   24
24   4
8   26
26   8
12   28
28   12
16   30
30   16
22   4
4   22
24   8
8   24
26   12
12   26
28   16
16   28
30   20
20   30
22   24
24   22
24   26
26   24
26   28
28   26
28   30
30   28
23   25
25   23
25   27
27   25
27   29
29   27
29   31
31   29
1   23
23   1
5   25
25   5
9   27
27   9
13   29
29   13
17   31
31   17
23   5
5   23
25   9
9   25
27   13
13   27
29   17
17   29
31   21
21   31
25   26
26   25
29   30
30   29
25   22
22   25
29   26
26   29
