-5.191465854644775391e+00
3.710185050964355469e+00
2.351582050323486328e+00
1.130118966102600098e+00
5.865500122308731079e-02
-8.516370058059692383e-01
-1.591333985328674316e+00
-2.152827024459838867e+00
-2.530369043350219727e+00
-2.720105886459350586e+00
-2.720105886459350586e+00
-2.530369043350219727e+00
-2.152827024459838867e+00
-1.591333985328674316e+00
-8.516370058059692383e-01
5.865500122308731079e-02
1.130118966102600098e+00
2.351582050323486328e+00
3.710185050964355469e+00
5.191465854644775391e+00
-5.241770267486572266e+00
3.754228115081787109e+00
2.365831375122070312e+00
1.144240021705627441e+00
7.086016237735748291e-02
-8.710713982582092285e-01
-1.596393942832946777e+00
-2.172682285308837891e+00
-2.548256397247314453e+00
-2.743338584899902344e+00
-2.745019435882568359e+00
-2.550755262374877930e+00
-2.161412954330444336e+00
-1.592485666275024414e+00
-8.611013889312744141e-01
5.526291951537132263e-02
1.113413214683532715e+00
2.317794322967529297e+00
3.638159275054931641e+00
5.122053623199462891e+00
