1.314309984445571899e-01
4.921790063381195068e-01
7.499579787254333496e-01
7.241839766502380371e-01
5.000860095024108887e-01
1.612409949302673340e-01
-2.148530036211013794e-01
-5.608090162277221680e-01
-8.228260278701782227e-01
-9.634439945220947266e-01
-9.634439945220947266e-01
-8.228260278701782227e-01
-5.608090162277221680e-01
-2.148530036211013794e-01
1.612409949302673340e-01
5.000860095024108887e-01
7.241839766502380371e-01
7.499579787254333496e-01
4.921790063381195068e-01
-1.314309984445571899e-01
1.542755812406539917e-01
4.978666901588439941e-01
7.479337453842163086e-01
7.214780449867248535e-01
5.085664391517639160e-01
1.658206731081008911e-01
-2.164051383733749390e-01
-5.545905232429504395e-01
-8.217655420303344727e-01
-9.612894058227539062e-01
-9.572787284851074219e-01
-8.145588636398315430e-01
-5.565211176872253418e-01
-2.067038565874099731e-01
1.675326973199844360e-01
5.018051266670227051e-01
7.221086025238037109e-01
7.496947050094604492e-01
4.924975931644439697e-01
-1.349788159132003784e-01
