-1.970858764648437500e+01
1.379601097106933594e+01
8.540388107299804688e+00
3.941716909408569336e+00
0.000000000000000000e+00
-3.284765005111694336e+00
-5.912576198577880859e+00
-7.883434772491455078e+00
-9.197340965270996094e+00
-9.854293823242187500e+00
-9.854293823242187500e+00
-9.197340965270996094e+00
-7.883434772491455078e+00
-5.912576198577880859e+00
-3.284765005111694336e+00
0.000000000000000000e+00
3.941716909408569336e+00
8.540388107299804688e+00
1.379601097106933594e+01
1.970858764648437500e+01
-1.956093788146972656e+01
1.371781635284423828e+01
8.483416557312011719e+00
3.929470062255859375e+00
3.044323250651359558e-02
-3.233564376831054688e+00
-5.820974349975585938e+00
-7.784992694854736328e+00
-9.057557106018066406e+00
-9.730715751647949219e+00
-9.701935768127441406e+00
-9.109458923339843750e+00
-7.779861450195312500e+00
-5.824948787689208984e+00
-3.271665096282958984e+00
2.991439774632453918e-03
3.913523197174072266e+00
8.483329772949218750e+00
1.371820163726806641e+01
1.957532310485839844e+01
