6.555597782135009766e+00
-1.397333025932312012e+00
1.822860002517700195e+00
3.275178909301757812e+00
3.276432037353515625e+00
2.246701002120971680e+00
6.567289829254150391e-01
-1.028453946113586426e+00
-2.403764009475708008e+00
-3.170552968978881836e+00
-3.170552968978881836e+00
-2.403763055801391602e+00
-1.028453946113586426e+00
6.567289829254150391e-01
2.246701955795288086e+00
3.276432037353515625e+00
3.275178909301757812e+00
1.822860002517700195e+00
-1.397333025932312012e+00
-6.555597782135009766e+00
6.526063442230224609e+00
-1.386349558830261230e+00
1.817498326301574707e+00
3.280809402465820312e+00
3.271168470382690430e+00
2.243009567260742188e+00
6.585334539413452148e-01
-1.024024486541748047e+00
-2.407684564590454102e+00
-3.157218217849731445e+00
-3.173020601272583008e+00
-2.413814067840576172e+00
-1.043115973472595215e+00
6.647593379020690918e-01
2.265756607055664062e+00
3.280447483062744141e+00
3.265497207641601562e+00
1.821166276931762695e+00
-1.405650138854980469e+00
-6.557187557220458984e+00
