7.325999999999999623e+00
-1.633999999999999897e+00
1.963999999999999968e+00
3.617999999999999883e+00
3.657000000000000028e+00
2.536000000000000032e+00
7.750000000000000222e-01
-1.104999999999999982e+00
-2.644000000000000128e+00
-3.504000000000000004e+00
-3.504000000000000004e+00
-2.644000000000000128e+00
-1.104999999999999982e+00
7.750000000000000222e-01
2.536000000000000032e+00
3.657000000000000028e+00
3.617999999999999883e+00
1.963999999999999968e+00
-1.633999999999999897e+00
-7.325999999999999623e+00
7.302999999999999936e+00
-1.627999999999999892e+00
1.959999999999999964e+00
3.613999999999999879e+00
3.646999999999999797e+00
2.519000000000000128e+00
7.640000000000000124e-01
-1.100000000000000089e+00
-2.620999999999999996e+00
-3.488999999999999879e+00
-3.488999999999999879e+00
-2.626999999999999780e+00
-1.098999999999999977e+00
7.700000000000000178e-01
2.529999999999999805e+00
3.637000000000000011e+00
3.600000000000000089e+00
1.965999999999999970e+00
-1.627999999999999892e+00
-7.290000000000000036e+00
