0	1.259626	4.505988	9.652794	16.563232	25.053608	34.898234	45.835421	57.574436	69.803238	82.196762	94.425564	106.164581	117.101767	126.946392	135.436769	142.347206	147.494012	150.740374	152	0	12.329346	24.290137	35.564437	45.852551	54.881003	62.409799	68.238811	72.213092	74.227	74.227	72.213092	68.238811	62.409799	54.881002	45.852551	35.564437	24.290138	12.329345	0	5.457338	-1.180786	1.515283	2.746813	2.761436	1.902275	0.562543	-0.86403	-2.031488	-2.683378	-2.683378	-2.031488	-0.86403	0.562543	1.902275	2.761436	2.746813	1.515283	-1.180786	-5.457338
0	1.267913	4.535633	9.7163	16.6722	25.218434	35.127828	46.13697	57.953215	70.26247	82.73753	95.046785	106.863032	117.872173	127.781566	136.3278	143.283701	148.464367	151.732087	153	0	12.41046	24.449941	35.798414	46.154213	55.242062	62.82039	68.687751	72.688179	74.715335	74.715335	72.688179	68.68775	62.82039	55.242062	46.154212	35.798413	24.449941	12.410459	0	5.533123	-1.199142	1.533463	2.782142	2.797771	1.927981	0.571158	-0.873787	-2.056343	-2.71668	-2.71668	-2.056343	-0.873787	0.571158	1.927981	2.797771	2.782142	1.533463	-1.199142	-5.533123
0	1.2762	4.565278	9.779805	16.781169	25.383261	35.357421	46.438519	58.331995	70.721702	83.278298	95.668006	107.561483	118.642579	128.61674	137.218831	144.220195	149.434722	152.7238	154	0	12.491574	24.609745	36.03239	46.455874	55.603121	63.230981	69.136691	73.163265	75.203671	75.203671	73.163265	69.13669	63.230981	55.603121	46.455874	36.03239	24.609745	12.491574	0	5.609407	-1.217619	1.551762	2.817702	2.834343	1.953856	0.579829	-0.883608	-2.081361	-2.7502	-2.7502	-2.081361	-0.883608	0.579829	1.953856	2.834343	2.817702	1.551762	-1.217619	-5.609407
0	1.284487	4.594922	9.84331	16.890137	25.548087	35.587015	46.740067	58.710774	71.180934	83.819066	96.289226	108.259934	119.412986	129.451913	138.109863	145.15669	150.405078	153.715513	155	0	12.572688	24.769548	36.266367	46.757536	55.96418	63.641572	69.58563	73.638351	75.692006	75.692006	73.638351	69.585629	63.641571	55.96418	46.757535	36.266366	24.769548	12.572688	0	5.686188	-1.236217	1.57018	2.853493	2.871154	1.979899	0.588557	-0.893493	-2.106541	-2.783937	-2.783937	-2.106541	-0.893493	0.588557	1.979899	2.871154	2.853493	1.57018	-1.236217	-5.686188
0	1.292774	4.624567	9.906815	16.999106	25.712913	35.816608	47.041616	59.089553	71.640166	84.359834	96.910447	108.958385	120.183392	130.287087	139.000894	146.093185	151.375433	154.707226	156	0	12.653802	24.929352	36.500343	47.059197	56.32524	64.052163	70.03457	74.113437	76.180342	76.180342	74.113437	70.034569	64.052162	56.325239	47.059197	36.500343	24.929352	12.653802	0	5.763467	-1.254936	1.588716	2.889516	2.908203	2.006111	0.597342	-0.903441	-2.131884	-2.817893	-2.817893	-2.131884	-0.903441	0.597342	2.006111	2.908203	2.889516	1.588716	-1.254936	-5.763467
0	1.301061	4.654212	9.97032	17.108075	25.87774	36.046202	47.343165	59.468332	72.099398	84.900603	97.531668	109.656837	120.953798	131.122261	139.891926	147.02968	152.345788	155.698939	157	0	12.734916	25.089155	36.73432	47.360859	56.686299	64.462753	70.483509	74.588523	76.668678	76.668678	74.588523	70.483508	64.462753	56.686299	47.360858	36.73432	25.089155	12.734916	0	5.841244	-1.273776	1.607372	2.92577	2.94549	2.032491	0.606183	-0.913453	-2.15739	-2.852066	-2.852066	-2.15739	-0.913453	0.606184	2.032491	2.94549	2.92577	1.607372	-1.273776	-5.841244
0	1.309348	4.683856	10.033826	17.217043	26.042566	36.275796	47.644714	59.847111	72.558629	85.441371	98.152889	110.355288	121.724205	131.957434	140.782957	147.966175	153.316144	156.690652	158	0	12.816031	25.248959	36.968296	47.66252	57.047358	64.873344	70.932449	75.063609	77.157013	77.157013	75.063609	70.932448	64.873344	57.047358	47.66252	36.968296	25.248959	12.81603	0	5.919518	-1.292737	1.626146	2.962256	2.983016	2.05904	0.615082	-0.923529	-2.183058	-2.886458	-2.886458	-2.183058	-0.923529	0.615082	2.05904	2.983016	2.962256	1.626146	-1.292737	-5.919518
0	1.317635	4.713501	10.097331	17.326012	26.207392	36.505389	47.946263	60.225891	73.017861	85.982139	98.77411	111.053739	122.494611	132.792608	141.673988	148.902669	154.286499	157.682365	159	0	12.897145	25.408762	37.202273	47.964182	57.408417	65.283935	71.381388	75.538695	77.645349	77.645349	75.538695	71.381388	65.283934	57.408417	47.964181	37.202273	25.408762	12.897144	0	5.99829	-1.311818	1.645039	2.998974	3.02078	2.085758	0.624036	-0.933668	-2.208889	-2.921067	-2.921067	-2.208889	-0.933668	0.624037	2.085758	3.02078	2.998974	1.645039	-1.311819	-5.99829
0	1.325922	4.743146	10.160836	17.434981	26.372219	36.734983	48.247811	60.60467	73.477093	86.522907	99.39533	111.75219	123.265018	133.627781	142.56502	149.839164	155.256854	158.674078	160	0	12.978259	25.568566	37.43625	48.265843	57.769477	65.694526	71.830328	76.013782	78.133684	78.133684	76.013781	71.830327	65.694525	57.769476	48.265843	37.436249	25.568566	12.978258	0	6.077559	-1.331021	1.664051	3.035923	3.058782	2.112645	0.633048	-0.943871	-2.234882	-2.955895	-2.955895	-2.234882	-0.943871	0.633048	2.112645	3.058782	3.035923	1.664051	-1.331021	-6.077559
0	1.334209	4.77279	10.224341	17.543949	26.537045	36.964577	48.54936	60.983449	73.936325	87.063675	100.016551	112.450641	124.035424	134.462955	143.456051	150.775659	156.22721	159.665791	161	0	13.059373	25.728369	37.670226	48.567505	58.130536	66.105116	72.279267	76.488868	78.62202	78.62202	76.488868	72.279267	66.105116	58.130535	48.567504	37.670226	25.728369	13.059372	0	6.157327	-1.350344	1.683182	3.073103	3.097022	2.1397	0.642116	-0.954138	-2.261038	-2.99094	-2.99094	-2.261038	-0.954138	0.642116	2.1397	3.097022	3.073103	1.683182	-1.350345	-6.157327
0	1.342496	4.802435	10.287847	17.652918	26.701872	37.19417	48.850909	61.362228	74.395557	87.604443	100.637772	113.149093	124.80583	135.298129	144.347082	151.712154	157.197565	160.657504	162	0	13.140487	25.888173	37.904203	48.869166	58.491595	66.515707	72.728207	76.963954	79.110355	79.110355	76.963954	72.728206	66.515707	58.491595	48.869166	37.904202	25.888173	13.140487	0	6.237591	-1.369789	1.702432	3.110515	3.135501	2.166924	0.651241	-0.964468	-2.287357	-3.026204	-3.026204	-2.287357	-0.964468	0.651242	2.166924	3.135501	3.110515	1.702432	-1.369789	-6.237591
0	1.350783	4.83208	10.351352	17.761886	26.866698	37.423764	49.152458	61.741007	74.854789	88.145212	101.258993	113.847544	125.576237	136.133302	145.238114	152.648648	158.16792	161.649217	163	0	13.221601	26.047976	38.138179	49.170828	58.852654	66.926298	73.177146	77.43904	79.598691	79.598691	77.43904	73.177146	66.926298	58.852654	49.170827	38.138179	26.047976	13.221601	0	6.318354	-1.389354	1.721801	3.148158	3.174217	2.194316	0.660423	-0.974862	-2.313838	-3.061685	-3.061685	-2.313838	-0.974862	0.660423	2.194316	3.174217	3.148158	1.721801	-1.389354	-6.318354
0	1.35907	4.861724	10.414857	17.870855	27.031524	37.653358	49.454007	62.119787	75.31402	88.68598	101.880214	114.545995	126.346643	136.968476	146.129145	153.585143	159.138276	162.64093	164	0	13.302715	26.20778	38.372156	49.472489	59.213713	67.336889	73.626086	77.914126	80.087026	80.087026	77.914126	73.626085	67.336888	59.213713	49.472489	38.372155	26.20778	13.302715	0	6.399614	-1.40904	1.741289	3.186033	3.213172	2.221877	0.669662	-0.98532	-2.340482	-3.097385	-3.097385	-2.340482	-0.98532	0.669662	2.221877	3.213172	3.186033	1.741289	-1.40904	-6.399614
0	1.367357	4.891369	10.478362	17.979824	27.196351	37.882951	49.755556	62.498566	75.773252	89.226748	102.501434	115.244446	127.117049	137.80365	147.020177	154.521638	160.108631	163.632643	165	0	13.383829	26.367583	38.606132	49.774151	59.574773	67.74748	74.075026	78.389212	80.575362	80.575362	78.389212	74.075025	67.747479	59.574772	49.77415	38.606132	26.367584	13.383829	0	6.481372	-1.428846	1.760895	3.224139	3.252366	2.249607	0.678957	-0.995842	-2.367289	-3.133302	-3.133302	-2.367289	-0.995841	0.678957	2.249607	3.252366	3.224139	1.760895	-1.428847	-6.481372
0	1.375644	4.921014	10.541867	18.088792	27.361177	38.112545	50.057104	62.877345	76.232484	89.767516	103.122655	115.942897	127.887456	138.638823	147.911208	155.458133	161.078986	164.624356	166	0	13.464943	26.527387	38.840109	50.075812	59.935832	68.15807	74.523965	78.864298	81.063697	81.063697	78.864298	74.523964	68.15807	59.935832	50.075812	38.840109	26.527387	13.464943	0	6.563627	-1.448774	1.780621	3.262477	3.291797	2.277506	0.688308	-1.006427	-2.394258	-3.169438	-3.169438	-2.394258	-1.006427	0.688308	2.277506	3.291797	3.262477	1.780621	-1.448774	-6.563627
0	1.383931	4.950658	10.605373	18.197761	27.526003	38.342139	50.358653	63.256124	76.691716	90.308284	103.743876	116.641348	128.657862	139.473997	148.802239	156.394627	162.049342	165.616069	167	0	13.546058	26.687191	39.074085	50.377474	60.296891	68.568661	74.972905	79.339384	81.552033	81.552033	79.339384	74.972904	68.568661	60.296891	50.377473	39.074085	26.687191	13.546057	0	6.64638	-1.468822	1.800465	3.301047	3.331467	2.305573	0.697717	-1.017076	-2.42139	-3.205791	-3.205791	-2.42139	-1.017076	0.697717	2.305573	3.331467	3.301047	1.800465	-1.468823	-6.64638
0	1.392218	4.980303	10.668878	18.30673	27.69083	38.571732	50.660202	63.634903	77.150948	90.849052	104.365097	117.3398	129.428268	140.309171	149.693271	157.331122	163.019697	166.607782	168	0	13.627172	26.846994	39.308062	50.679135	60.65795	68.979252	75.421844	79.814471	82.040368	82.040368	79.814471	75.421843	68.979251	60.65795	50.679135	39.308062	26.846994	13.627171	0	6.72963	-1.488992	1.820429	3.339848	3.371375	2.333809	0.707182	-1.027788	-2.448684	-3.242363	-3.242363	-2.448684	-1.027788	0.707182	2.333809	3.371375	3.339848	1.820429	-1.488992	-6.72963
0	1.400505	5.009947	10.732383	18.415698	27.855656	38.801326	50.961751	64.013682	77.61018	91.389821	104.986318	118.038251	130.198675	141.144344	150.584302	158.267617	163.990052	167.599495	169	0	13.708286	27.006798	39.542039	50.980797	61.01901	69.389843	75.870784	80.289557	82.528704	82.528704	80.289557	75.870783	69.389842	61.019009	50.980796	39.542038	27.006798	13.708285	0	6.813378	-1.509282	1.840511	3.37888	3.411521	2.362213	0.716704	-1.038565	-2.476142	-3.279153	-3.279153	-2.476142	-1.038564	0.716704	2.362213	3.411521	3.37888	1.840511	-1.509282	-6.813378
0	1.408792	5.039592	10.795888	18.524667	28.020483	39.03092	51.2633	64.392462	78.069411	91.930589	105.607539	118.736702	130.969081	141.979518	151.475333	159.204112	164.960408	168.591208	170	0	13.7894	27.166601	39.776015	51.282458	61.380069	69.800434	76.319723	80.764643	83.017039	83.017039	80.764643	76.319723	69.800433	61.380068	51.282458	39.776015	27.166601	13.789399	0	6.897623	-1.529692	1.860712	3.418144	3.451905	2.390786	0.726282	-1.049405	-2.503762	-3.31616	-3.31616	-2.503762	-1.049404	0.726282	2.390786	3.451905	3.418144	1.860712	-1.529693	-6.897623
0	1.417079	5.069237	10.859394	18.633635	28.185309	39.260513	51.564848	64.771241	78.528643	92.471357	106.228759	119.435153	131.739488	142.814691	152.366365	160.140607	165.930763	169.582921	171	0	13.870514	27.326405	40.009992	51.58412	61.741128	70.211024	76.768663	81.239729	83.505375	83.505375	81.239729	76.768662	70.211024	61.741128	51.58412	40.009991	27.326405	13.870514	0	6.982366	-1.550224	1.881032	3.457639	3.492528	2.419528	0.735917	-1.060308	-2.531544	-3.353386	-3.353386	-2.531544	-1.060308	0.735917	2.419528	3.492528	3.457639	1.881032	-1.550224	-6.982366
0	1.425366	5.098881	10.922899	18.742604	28.350135	39.490107	51.866397	65.15002	78.987875	93.012125	106.84998	120.133604	132.509894	143.649865	153.257396	161.077101	166.901118	170.574634	172	0	13.951628	27.486208	40.243968	51.885781	62.102187	70.621615	77.217602	81.714815	83.99371	83.99371	81.714815	77.217602	70.621615	62.102187	51.885781	40.243968	27.486208	13.951628	0	7.067607	-1.570877	1.901471	3.497366	3.533389	2.448439	0.745609	-1.071276	-2.55949	-3.39083	-3.39083	-2.55949	-1.071276	0.745609	2.448439	3.533389	3.497366	1.901471	-1.570877	-7.067607
0	1.433653	5.128526	10.986404	18.851573	28.514962	39.7197	52.167946	65.528799	79.447107	93.552893	107.471201	120.832056	133.2803	144.485039	154.148428	162.013596	167.871474	171.566347	173	0	14.032742	27.646012	40.477945	52.187443	62.463246	71.032206	77.666542	82.189901	84.482046	84.482046	82.189901	77.666541	71.032205	62.463246	52.187443	40.477944	27.646012	14.032742	0	7.153344	-1.59165	1.922029	3.537325	3.574488	2.477518	0.755358	-1.082307	-2.587598	-3.428492	-3.428492	-2.587598	-1.082307	0.755358	2.477518	3.574488	3.537325	1.922029	-1.59165	-7.153344
0	1.44194	5.158171	11.049909	18.960541	28.679788	39.949294	52.469495	65.907578	79.906339	94.093662	108.092422	121.530507	134.050707	145.320212	155.039459	162.950091	168.841829	172.55806	174	0	14.113856	27.805815	40.711921	52.489104	62.824306	71.442797	78.115481	82.664987	84.970381	84.970381	82.664987	78.115481	71.442796	62.824305	52.489104	40.711921	27.805815	14.113856	0	7.23958	-1.612544	1.942706	3.577515	3.615825	2.506765	0.765163	-1.093402	-2.615868	-3.466371	-3.466371	-2.615868	-1.093402	0.765163	2.506766	3.615825	3.577515	1.942706	-1.612544	-7.23958
0	1.450227	5.187815	11.113414	19.06951	28.844614	40.178888	52.771044	66.286358	80.365571	94.63443	108.713643	122.228958	134.821113	146.155386	155.93049	163.886586	169.812185	173.549773	175	0	14.194971	27.965619	40.945898	52.790766	63.185365	71.853387	78.564421	83.140074	85.458717	85.458717	83.140073	78.56442	71.853387	63.185365	52.790766	40.945898	27.965619	14.19497	0	7.326313	-1.633558	1.963502	3.617936	3.657401	2.536182	0.775025	-1.104561	-2.644302	-3.504469	-3.504469	-2.644302	-1.104561	0.775025	2.536182	3.657401	3.617936	1.963502	-1.633559	-7.326313
0	0.681935	2.709138	6.026312	10.542974	16.135922	22.652593	29.915229	37.725726	45.871033	54.128967	62.274274	70.084771	77.347408	83.864078	89.457026	93.973688	97.290862	99.318065	100	0	8.22973	16.234973	23.79737	30.710635	36.786196	41.858325	45.788666	48.470013	49.829225	49.829225	48.470013	45.788666	41.858324	36.786196	30.710635	23.797369	16.234972	8.229729	0	2.313027	-0.432687	0.746537	1.271884	1.251766	0.839514	0.212636	-0.450039	-0.990768	-1.292331	-1.292331	-0.990768	-0.450039	0.212637	0.839514	1.251766	1.271884	0.746537	-0.432687	-2.313027
0	0.688754	2.736229	6.086576	10.648404	16.297281	22.879119	30.214381	38.102983	46.329743	54.670257	62.897017	70.785619	78.120882	84.702719	90.351596	94.913425	98.263771	100.311246	101	0	8.312027	16.397323	24.035343	31.017741	37.154058	42.276908	46.246553	48.954713	50.327517	50.327517	48.954713	46.246553	42.276907	37.154058	31.017742	24.035343	16.397322	8.312027	0	2.364863	-0.445343	0.758931	1.296109	1.27675	0.857234	0.21861	-0.456723	-1.00787	-1.315266	-1.315266	-1.00787	-0.456723	0.21861	0.857234	1.27675	1.296109	0.75893	-0.445343	-2.364863
0	0.695574	2.763321	6.146839	10.753833	16.45864	23.105645	30.513534	38.48024	46.788454	55.211547	63.51976	71.486467	78.894356	85.54136	91.246166	95.853162	99.23668	101.304426	102	0	8.394324	16.559673	24.273317	31.324847	37.52192	42.695491	46.70444	49.439414	50.825809	50.825809	49.439414	46.70444	42.69549	37.52192	31.324848	24.273317	16.559672	8.394324	0	2.417218	-0.458128	0.771445	1.320575	1.301983	0.875132	0.224644	-0.463473	-1.025141	-1.338427	-1.338427	-1.025141	-0.463473	0.224644	0.875132	1.301983	1.320575	0.771445	-0.458128	-2.417218
0	0.702393	2.790412	6.207102	10.859263	16.619999	23.332171	30.812686	38.857498	47.247164	55.752836	64.142503	72.187314	79.66783	86.38	92.140736	96.792898	100.209588	102.297607	103	0	8.476621	16.722023	24.511291	31.631954	37.889782	43.114074	47.162326	49.924114	51.324101	51.324101	49.924114	47.162326	43.114074	37.889782	31.631955	24.51129	16.722021	8.476621	0	2.470093	-0.471042	0.784082	1.34528	1.327464	0.893206	0.230739	-0.470288	-1.04258	-1.361815	-1.361815	-1.04258	-0.470288	0.230739	0.893206	1.327464	1.34528	0.784081	-0.471042	-2.470093
0	0.709212	2.817503	6.267365	10.964693	16.781358	23.558697	31.111838	39.234755	47.705874	56.294126	64.765245	72.888162	80.441304	87.218641	93.035307	97.732635	101.182497	103.290788	104	0	8.558919	16.884372	24.749265	31.93906	38.257643	43.532658	47.620213	50.408814	51.822394	51.822394	50.408814	47.620213	43.532657	38.257644	31.939061	24.749264	16.884371	8.558919	0	2.523487	-0.484084	0.79684	1.370226	1.353194	0.911457	0.236894	-0.477168	-1.060187	-1.385428	-1.385428	-1.060187	-0.477168	0.236894	0.911457	1.353194	1.370226	0.796839	-0.484084	-2.523487
0	0.716032	2.844595	6.327628	11.070123	16.942718	23.785223	31.41099	39.612012	48.164585	56.835416	65.387988	73.58901	81.214778	88.057282	93.929877	98.672372	102.155406	104.283968	105	0	8.641216	17.046722	24.987238	32.246166	38.625505	43.951241	48.0781	50.893514	52.320686	52.320686	50.893514	48.0781	43.95124	38.625506	32.246167	24.987238	17.046721	8.641216	0	2.5774	-0.497254	0.809719	1.395412	1.379172	0.929884	0.24311	-0.484112	-1.077963	-1.409268	-1.409268	-1.077963	-0.484112	0.24311	0.929884	1.379172	1.395412	0.809719	-0.497254	-2.5774
0	0.722851	2.871686	6.387891	11.175552	17.104077	24.011749	31.710143	39.989269	48.623295	57.376705	66.010731	74.289858	81.988252	88.895923	94.824447	99.612109	103.128314	105.277149	106	0	8.723513	17.209072	25.225212	32.553273	38.993367	44.369824	48.535986	51.378214	52.818978	52.818978	51.378214	48.535986	44.369823	38.993368	32.553274	25.225211	17.209071	8.723513	0	2.631832	-0.510553	0.822721	1.420838	1.405399	0.948489	0.249386	-0.491122	-1.095907	-1.433335	-1.433335	-1.095907	-0.491122	0.249386	0.948489	1.405399	1.420838	0.82272	-0.510553	-2.631832
0	0.72967	2.898778	6.448154	11.280982	17.265436	24.238275	32.009295	40.366527	49.082005	57.917995	66.633474	74.990705	82.761726	89.734564	95.719017	100.551846	104.101223	106.27033	107	0	8.805811	17.371422	25.463186	32.860379	39.361229	44.788407	48.993873	51.862914	53.31727	53.31727	51.862914	48.993873	44.788407	39.36123	32.86038	25.463185	17.37142	8.80581	0	2.686782	-0.523979	0.835844	1.446504	1.431874	0.96727	0.255723	-0.498197	-1.11402	-1.457627	-1.457627	-1.11402	-0.498197	0.255723	0.96727	1.431874	1.446504	0.835844	-0.523979	-2.686782
0	0.73649	2.925869	6.508417	11.386412	17.426795	24.464801	32.308447	40.743784	49.540716	58.459285	67.256216	75.691553	83.5352	90.573204	96.613588	101.491583	105.074131	107.26351	108	0	8.888108	17.533771	25.701159	33.167486	39.729091	45.206991	49.45176	52.347614	53.815563	53.815563	52.347614	49.45176	45.20699	39.729092	33.167486	25.701159	17.53377	8.888108	0	2.742252	-0.537534	0.849089	1.472411	1.458597	0.986229	0.26212	-0.505337	-1.132301	-1.482147	-1.482147	-1.132301	-0.505337	0.26212	0.986228	1.458597	1.472411	0.849089	-0.537534	-2.742252
0	0.743309	2.95296	6.568681	11.491841	17.588154	24.691326	32.6076	41.121041	49.999426	59.000574	67.878959	76.392401	84.308674	91.411845	97.508158	102.43132	106.04704	108.256691	109	0	8.970405	17.696121	25.939133	33.474592	40.096953	45.625574	49.909646	52.832315	54.313855	54.313855	52.832314	49.909646	45.625573	40.096954	33.474593	25.939133	17.69612	8.970405	0	2.798241	-0.551218	0.862456	1.498558	1.485569	1.005364	0.268577	-0.512543	-1.150751	-1.506892	-1.506892	-1.150751	-0.512543	0.268577	1.005363	1.485569	1.498558	0.862456	-0.551218	-2.798241
0	0.750128	2.980052	6.628944	11.597271	17.749514	24.917852	32.906752	41.498298	50.458136	59.541864	68.501702	77.093248	85.082149	92.250486	98.402728	103.371057	107.019949	109.249872	110	0	9.052702	17.858471	26.177107	33.781698	40.464815	46.044157	50.367533	53.317015	54.812147	54.812147	53.317015	50.367533	46.044156	40.464816	33.781699	26.177106	17.85847	9.052702	0	2.854748	-0.565029	0.875945	1.524945	1.51279	1.024675	0.275095	-0.519814	-1.169369	-1.531865	-1.531865	-1.169369	-0.519814	0.275095	1.024675	1.51279	1.524945	0.875945	-0.565029	-2.854748
0	0.756948	3.007143	6.689207	11.702701	17.910873	25.144378	33.205904	41.875556	50.916847	60.083154	69.124445	77.794096	85.855623	93.089127	99.297298	104.310793	107.992857	110.243052	111	0	9.135	18.02082	26.41508	34.088805	40.832677	46.46274	50.82542	53.801715	55.310439	55.310439	53.801715	50.82542	46.46274	40.832677	34.088805	26.41508	18.020819	9.135	0	2.911773	-0.578968	0.889555	1.551573	1.540259	1.044164	0.281673	-0.527149	-1.188157	-1.557064	-1.557064	-1.188157	-0.527149	0.281673	1.044164	1.540259	1.551573	0.889555	-0.578968	-2.911773
0	0.763767	3.034234	6.74947	11.808131	18.072232	25.370904	33.505056	42.252813	51.375557	60.624443	69.747187	78.494944	86.629097	93.927768	100.191869	105.25053	108.965766	111.236233	112	0	9.217297	18.18317	26.653054	34.395911	41.200539	46.881324	51.283306	54.286415	55.808732	55.808732	54.286415	51.283306	46.881323	41.200539	34.395912	26.653054	18.183169	9.217297	0	2.969317	-0.593035	0.903288	1.578441	1.567977	1.063829	0.288311	-0.534551	-1.207113	-1.582489	-1.582489	-1.207113	-0.534551	0.288311	1.063829	1.567977	1.578441	0.903288	-0.593035	-2.969317
0	0.770586	3.061326	6.809733	11.91356	18.233591	25.59743	33.804209	42.63007	51.834267	61.165733	70.36993	79.195792	87.402571	94.766408	101.086439	106.190267	109.938675	112.229414	113	0	9.299594	18.34552	26.891028	34.703017	41.568401	47.299907	51.741193	54.771115	56.307024	56.307024	54.771115	51.741193	47.299906	41.568401	34.703018	26.891027	18.345519	9.299594	0	3.02738	-0.60723	0.917143	1.60555	1.595943	1.083671	0.29501	-0.542017	-1.226237	-1.608141	-1.608141	-1.226237	-0.542017	0.29501	1.083671	1.595943	1.60555	0.917143	-0.60723	-3.02738
0	0.777406	3.088417	6.869996	12.01899	18.394951	25.823956	34.103361	43.007327	52.292978	61.707023	70.992673	79.896639	88.176045	95.605049	101.981009	107.130004	110.911583	113.222594	114	0	9.381892	18.50787	27.129001	35.010124	41.936263	47.71849	52.19908	55.255815	56.805316	56.805316	55.255815	52.19908	47.718489	41.936263	35.010124	27.129001	18.507868	9.381891	0	3.085961	-0.621553	0.93112	1.632898	1.624158	1.10369	0.301769	-0.549549	-1.245531	-1.63402	-1.63402	-1.245531	-0.549549	0.301769	1.10369	1.624157	1.632898	0.931119	-0.621554	-3.085961
0	0.784225	3.115509	6.930259	12.12442	18.55631	26.050482	34.402513	43.384585	52.751688	62.248312	71.615416	80.597487	88.949519	96.44369	102.875579	108.069741	111.884492	114.215775	115	0	9.464189	18.670219	27.366975	35.31723	42.304125	48.137073	52.656966	55.740515	57.303608	57.303608	55.740515	52.656966	48.137073	42.304125	35.317231	27.366975	18.670218	9.464189	0	3.145061	-0.636004	0.945218	1.660488	1.652621	1.123885	0.308588	-0.557146	-1.264993	-1.660126	-1.660126	-1.264993	-0.557146	0.308588	1.123885	1.652621	1.660488	0.945218	-0.636004	-3.145061
0	0.791044	3.1426	6.990522	12.22985	18.717669	26.277008	34.701666	43.761842	53.210398	62.789602	72.238158	81.298335	89.722993	97.282331	103.77015	109.009478	112.8574	115.208956	116	0	9.546486	18.832569	27.604949	35.624336	42.671987	48.555656	53.114853	56.225215	57.801901	57.801901	56.225215	53.114853	48.555656	42.671987	35.624337	27.604948	18.832568	9.546486	0	3.204679	-0.650583	0.959439	1.688317	1.681332	1.144258	0.315468	-0.564809	-1.284624	-1.686459	-1.686459	-1.284624	-0.564809	0.315468	1.144258	1.681332	1.688317	0.959439	-0.650583	-3.204679
0	0.797864	3.169691	7.050786	12.335279	18.879028	26.503534	35.000818	44.139099	53.669109	63.330892	72.860901	81.999182	90.496467	98.120971	104.66472	109.949215	113.830309	116.202136	117	0	9.628784	18.994919	27.842923	35.931443	43.039849	48.97424	53.57274	56.709916	58.300193	58.300193	56.709916	53.57274	48.974239	43.039849	35.931444	27.842922	18.994918	9.628783	0	3.264815	-0.665289	0.973782	1.716387	1.710293	1.164807	0.322407	-0.572537	-1.304424	-1.713018	-1.713018	-1.304424	-0.572537	0.322407	1.164807	1.710293	1.716387	0.973782	-0.66529	-3.264815
0	0.804683	3.196783	7.111049	12.440709	19.040387	26.73006	35.29997	44.516356	54.127819	63.872181	73.483644	82.70003	91.269941	98.959612	105.55929	110.888952	114.803218	117.195317	118	0	9.711081	19.157269	28.080896	36.238549	43.407711	49.392823	54.030626	57.194616	58.798485	58.798485	57.194616	54.030626	49.392822	43.407711	36.23855	28.080896	19.157267	9.711081	0	3.325469	-0.680124	0.988247	1.744698	1.739501	1.185532	0.329407	-0.580331	-1.324393	-1.739804	-1.739804	-1.324393	-0.580331	0.329407	1.185532	1.739501	1.744698	0.988247	-0.680124	-3.325469
0	0.811502	3.223874	7.171312	12.546139	19.201747	26.956586	35.599122	44.893614	54.586529	64.413471	74.106386	83.400878	92.043415	99.798253	106.45386	111.828688	115.776126	118.188498	119	0	9.793378	19.319618	28.31887	36.545655	43.775573	49.811406	54.488513	57.679316	59.296777	59.296777	57.679316	54.488513	49.811406	43.775573	36.545656	28.318869	19.319617	9.793378	0	3.386641	-0.695086	1.002835	1.773249	1.768959	1.206435	0.336467	-0.58819	-1.344531	-1.766817	-1.766817	-1.344531	-0.58819	0.336467	1.206435	1.768958	1.773249	1.002835	-0.695086	-3.386641
0	0.818322	3.250965	7.231575	12.651569	19.363106	27.183112	35.898275	45.270871	55.04524	64.954761	74.729129	84.101726	92.816889	100.636894	107.348431	112.768425	116.749035	119.181678	120	0	9.875675	19.481968	28.556844	36.852762	44.143435	50.229989	54.9464	58.164016	59.79507	59.79507	58.164016	54.9464	50.229989	44.143435	36.852763	28.556843	19.481967	9.875675	0	3.448332	-0.710175	1.017544	1.80204	1.798664	1.227514	0.343587	-0.596114	-1.364838	-1.794057	-1.794057	-1.364838	-0.596114	0.343588	1.227514	1.798664	1.80204	1.017544	-0.710175	-3.448332
0	0.825141	3.278057	7.291838	12.756998	19.524465	27.409638	36.197427	45.648128	55.50395	65.49605	75.351872	84.802573	93.590363	101.475535	108.243001	113.708162	117.721944	120.174859	121	0	9.957973	19.644318	28.794817	37.159868	44.511297	50.648573	55.404286	58.648716	60.293362	60.293362	58.648716	55.404286	50.648572	44.511297	37.159869	28.794817	19.644316	9.957973	0	3.51054	-0.725392	1.032376	1.831072	1.828619	1.248769	0.350768	-0.604104	-1.385314	-1.821524	-1.821524	-1.385314	-0.604104	0.350768	1.248769	1.828619	1.831072	1.032376	-0.725392	-3.51054
0	0.83196	3.305148	7.352101	12.862428	19.685824	27.636164	36.496579	46.025386	55.96266	66.03734	75.974615	85.503421	94.363837	102.314175	109.137571	114.647899	118.694852	121.16804	122	0	10.04027	19.806668	29.032791	37.466974	44.879159	51.067156	55.862173	59.133416	60.791654	60.791654	59.133416	55.862173	51.067155	44.879159	37.466975	29.032791	19.806666	10.04027	0	3.573267	-0.740737	1.04733	1.860345	1.858821	1.270202	0.358008	-0.61216	-1.405959	-1.849217	-1.849217	-1.405959	-0.61216	0.358009	1.270202	1.858821	1.860344	1.04733	-0.740737	-3.573267
0	0.83878	3.33224	7.412364	12.967858	19.847183	27.862689	36.795732	46.402643	56.421371	66.57863	76.597357	86.204269	95.137312	103.152816	110.032141	115.587636	119.667761	122.16122	123	0	10.122567	19.969017	29.270765	37.774081	45.247021	51.485739	56.32006	59.618116	61.289946	61.289946	59.618116	56.32006	51.485739	45.247021	37.774082	29.270764	19.969016	10.122567	0	3.636511	-0.756209	1.062406	1.889857	1.889273	1.291811	0.365309	-0.620281	-1.426773	-1.877138	-1.877138	-1.426772	-0.620281	0.365309	1.291811	1.889273	1.889857	1.062406	-0.756209	-3.636511
0	0.845599	3.359331	7.472627	13.073288	20.008543	28.089215	37.094884	46.7799	56.880081	67.119919	77.2201	86.905116	95.910786	103.991457	110.926712	116.527373	120.640669	123.154401	124	0	10.204865	20.131367	29.508738	38.081187	45.614883	51.904322	56.777946	60.102817	61.788239	61.788239	60.102816	56.777946	51.904322	45.614883	38.081188	29.508738	20.131366	10.204864	0	3.700273	-0.771809	1.077604	1.919611	1.919973	1.313597	0.37267	-0.628468	-1.447755	-1.905286	-1.905286	-1.447755	-0.628467	0.37267	1.313597	1.919973	1.919611	1.077604	-0.771809	-3.700273
0	0.852419	3.386422	7.532891	13.178717	20.169902	28.315741	37.394036	47.157157	57.338791	67.661209	77.842843	87.605964	96.68426	104.830098	111.821282	117.46711	121.613578	124.147581	125	0	10.287162	20.293717	29.746712	38.388293	45.982745	52.322906	57.235833	60.587517	62.286531	62.286531	60.587517	57.235833	52.322905	45.982745	38.388294	29.746712	20.293715	10.287162	0	3.764554	-0.787536	1.092925	1.949605	1.950921	1.335559	0.380091	-0.63672	-1.468907	-1.933661	-1.933661	-1.468907	-0.63672	0.380091	1.335559	1.950921	1.949605	1.092925	-0.787536	-3.764554
0	0.859238	3.413514	7.593154	13.284147	20.331261	28.542267	37.693188	47.534415	57.797502	68.202499	78.465586	88.306812	97.457734	105.668738	112.715852	118.406847	122.586487	125.140762	126	0	10.369459	20.456067	29.984686	38.6954	46.350607	52.741489	57.69372	61.072217	62.784823	62.784823	61.072217	57.69372	52.741488	46.350607	38.695401	29.984685	20.456065	10.369459	0	3.829352	-0.803391	1.108368	1.979839	1.982118	1.357698	0.387572	-0.645038	-1.490228	-1.962262	-1.962262	-1.490228	-0.645038	0.387572	1.357698	1.982118	1.979839	1.108368	-0.803391	-3.829352
0	0.866057	3.440605	7.653417	13.389577	20.49262	28.768793	37.992341	47.911672	58.256212	68.743788	79.088328	89.00766	98.231208	106.507379	113.610422	119.346583	123.559395	126.133943	127	0	10.451756	20.618416	30.22266	39.002506	46.718468	53.160072	58.151606	61.556917	63.283115	63.283115	61.556917	58.151606	53.160071	46.718469	39.002507	30.222659	20.618415	10.451756	0	3.894668	-0.819373	1.123933	2.010314	2.013563	1.380014	0.395113	-0.653421	-1.511718	-1.991091	-1.991091	-1.511718	-0.653421	0.395113	1.380014	2.013563	2.010314	1.123933	-0.819373	-3.894668
0	0.872877	3.467697	7.71368	13.495007	20.65398	28.995319	38.291493	48.288929	58.714922	69.285078	79.711071	89.708507	99.004682	107.34602	114.504993	120.28632	124.532304	127.127123	128	0	10.534054	20.780766	30.460633	39.309612	47.08633	53.578655	58.609493	62.041617	63.781408	63.781408	62.041617	58.609493	53.578655	47.086331	39.309613	30.460633	20.780765	10.534054	0	3.960502	-0.835483	1.139621	2.04103	2.045257	1.402506	0.402714	-0.66187	-1.533378	-2.020147	-2.020147	-1.533378	-0.66187	0.402714	1.402506	2.045257	2.04103	1.139621	-0.835483	-3.960502
0	0.879696	3.494788	7.773943	13.600436	20.815339	29.221845	38.590645	48.666186	59.173633	69.826368	80.333814	90.409355	99.778156	108.184661	115.399563	121.226057	125.505213	128.120304	129	0	10.616351	20.943116	30.698607	39.616719	47.454192	53.997239	59.06738	62.526317	64.2797	64.2797	62.526317	59.06738	53.997238	47.454193	39.61672	30.698606	20.943114	10.616351	0	4.026853	-0.85172	1.155431	2.071986	2.0772	1.425175	0.410375	-0.670385	-1.555206	-2.04943	-2.04943	-1.555206	-0.670385	0.410376	1.425175	2.0772	2.071986	1.155431	-0.85172	-4.026853
0	0.886515	3.521879	7.834206	13.705866	20.976698	29.448371	38.889798	49.043444	59.632343	70.367657	80.956557	91.110203	100.55163	109.023302	116.294133	122.165794	126.478121	129.113485	130	0	10.698648	21.105465	30.936581	39.923825	47.822054	54.415822	59.525266	63.011017	64.777992	64.777992	63.011017	59.525266	54.415821	47.822055	39.923826	30.93658	21.105464	10.698648	0	4.093723	-0.868084	1.171363	2.103182	2.109391	1.44802	0.418097	-0.678965	-1.577203	-2.07894	-2.07894	-1.577203	-0.678965	0.418097	1.44802	2.109391	2.103182	1.171363	-0.868084	-4.093723
0	0.893335	3.548971	7.894469	13.811296	21.138057	29.674897	39.18895	49.420701	60.091053	70.908947	81.579299	91.81105	101.325104	109.861942	117.188704	123.105531	127.45103	130.106665	131	0	10.780946	21.267815	31.174554	40.230932	48.189916	54.834405	59.983153	63.495717	65.276284	65.276284	63.495717	59.983153	54.834404	48.189917	40.230932	31.174554	21.267814	10.780945	0	4.161109	-0.884576	1.187418	2.134619	2.14183	1.471043	0.425878	-0.687611	-1.59937	-2.108677	-2.108677	-1.59937	-0.687611	0.425878	1.471043	2.14183	2.134619	1.187418	-0.884576	-4.161109
0	0.900154	3.576062	7.954732	13.916725	21.299416	29.901423	39.488102	49.797958	60.549764	71.450237	82.202042	92.511898	102.098578	110.700583	118.083274	124.045268	128.423938	131.099846	132	0	10.863243	21.430165	31.412528	40.538038	48.557778	55.252988	60.44104	63.980418	65.774577	65.774577	63.980418	60.44104	55.252988	48.557779	40.538039	31.412527	21.430163	10.863243	0	4.229014	-0.901195	1.203595	2.166297	2.174519	1.494241	0.43372	-0.696323	-1.621706	-2.138641	-2.138641	-1.621706	-0.696323	0.43372	1.494241	2.174519	2.166297	1.203595	-0.901195	-4.229014
0	0.906973	3.603153	8.014996	14.022155	21.460776	30.127949	39.787254	50.175215	61.008474	71.991526	82.824785	93.212746	102.872052	111.539224	118.977844	124.985005	129.396847	132.093027	133	0	10.94554	21.592515	31.650502	40.845144	48.92564	55.671572	60.898926	64.465118	66.272869	66.272869	64.465118	60.898926	55.671571	48.925641	40.845145	31.650501	21.592513	10.94554	0	4.297436	-0.917941	1.219895	2.198216	2.207455	1.517617	0.441621	-0.705101	-1.644211	-2.168833	-2.168833	-1.644211	-0.7051	0.441621	1.517617	2.207455	2.198216	1.219895	-0.917941	-4.297436
0	0.913793	3.630245	8.075259	14.127585	21.622135	30.354475	40.086407	50.552473	61.467184	72.532816	83.447528	93.913594	103.645526	112.377865	119.872414	125.924742	130.369756	133.086207	134	0	11.027838	21.754864	31.888475	41.152251	49.293502	56.090155	61.356813	64.949818	66.771161	66.771161	64.949818	61.356813	56.090154	49.293503	41.152252	31.888475	21.754863	11.027837	0	4.366376	-0.934815	1.236317	2.230375	2.24064	1.541169	0.449582	-0.713944	-1.666885	-2.199251	-2.199251	-1.666885	-0.713944	0.449583	1.541169	2.24064	2.230375	1.236317	-0.934815	-4.366376
0	0.920612	3.657336	8.135522	14.233015	21.783494	30.581001	40.385559	50.92973	61.925895	73.074106	84.07027	94.614441	104.419	113.216506	120.766985	126.864478	131.342664	134.079388	135	0	11.110135	21.917214	32.126449	41.459357	49.661364	56.508738	61.8147	65.434518	67.269453	67.269453	65.434518	61.8147	56.508737	49.661365	41.459358	32.126449	21.917213	11.110135	0	4.435834	-0.951816	1.252861	2.262774	2.274074	1.564898	0.457604	-0.722853	-1.689729	-2.229897	-2.229897	-1.689729	-0.722853	0.457604	1.564897	2.274074	2.262774	1.252861	-0.951816	-4.435834
0	0.927431	3.684428	8.195785	14.338444	21.944853	30.807527	40.684711	51.306987	62.384605	73.615396	84.693013	95.315289	105.192475	114.055146	121.661555	127.804215	132.315573	135.072569	136	0	11.192432	22.079564	32.364423	41.766463	50.029226	56.927321	62.272586	65.919218	67.767746	67.767746	65.919218	62.272586	56.927321	50.029226	41.766464	32.364422	22.079562	11.192432	0	4.505809	-0.968944	1.269528	2.295414	2.307756	1.588803	0.465685	-0.731827	-1.712741	-2.26077	-2.26077	-1.712741	-0.731827	0.465685	1.588803	2.307756	2.295414	1.269528	-0.968944	-4.505809
0	0.934251	3.711519	8.256048	14.443874	22.106213	31.034053	40.983864	51.684244	62.843315	74.156685	85.315756	96.016137	105.965949	114.893787	122.556125	128.743952	133.288482	136.065749	137	0	11.274729	22.241914	32.602397	42.07357	50.397088	57.345905	62.730473	66.403918	68.266038	68.266038	66.403918	62.730473	57.345904	50.397088	42.073571	32.602396	22.241912	11.274729	0	4.576301	-0.9862	1.286317	2.328295	2.341687	1.612885	0.473827	-0.740867	-1.735923	-2.29187	-2.29187	-1.735923	-0.740867	0.473827	1.612885	2.341687	2.328295	1.286317	-0.9862	-4.576301
0	0.94107	3.73861	8.316311	14.549304	22.267572	31.260578	41.283016	52.061502	63.302026	74.697975	85.938499	96.716984	106.739423	115.732428	123.450695	129.683689	134.26139	137.05893	138	0	11.357027	22.404263	32.84037	42.380676	50.76495	57.764488	63.18836	66.888618	68.76433	68.76433	66.888618	63.18836	57.764487	50.76495	42.380677	32.84037	22.404262	11.357027	0	4.647311	-1.003582	1.303229	2.361416	2.375867	1.637143	0.482028	-0.749974	-1.759275	-2.323198	-2.323198	-1.759275	-0.749974	0.482028	1.637143	2.375867	2.361416	1.303229	-1.003582	-4.647311
0	0.947889	3.765702	8.376574	14.654734	22.428931	31.487104	41.582168	52.438759	63.760736	75.239265	86.561241	97.417832	107.512897	116.571069	124.345266	130.623426	135.234299	138.052111	139	0	11.439324	22.566613	33.078344	42.687782	51.132812	58.183071	63.646246	67.373319	69.262622	69.262622	67.373318	63.646246	58.18307	51.132812	42.687783	33.078343	22.566611	11.439324	0	4.718839	-1.021092	1.320264	2.394778	2.410295	1.661578	0.49029	-0.759145	-1.782795	-2.354752	-2.354752	-1.782795	-0.759145	0.49029	1.661578	2.410295	2.394778	1.320263	-1.021092	-4.718839
0	0.954709	3.792793	8.436837	14.760163	22.59029	31.71363	41.881321	52.816016	64.219446	75.780554	87.183984	98.11868	108.286371	117.409709	125.239836	131.563163	136.207207	139.045291	140	0	11.521621	22.728963	33.316318	42.994889	51.500674	58.601654	64.104133	67.858019	69.760915	69.760915	67.858019	64.104133	58.601654	51.500674	42.99489	33.316317	22.728961	11.521621	0	4.790884	-1.038729	1.33742	2.428381	2.444971	1.68619	0.498611	-0.768383	-1.806485	-2.386534	-2.386534	-1.806485	-0.768383	0.498611	1.68619	2.444971	2.428381	1.33742	-1.038729	-4.790884
0	0.961528	3.819884	8.497101	14.865593	22.751649	31.940156	42.180473	53.193273	64.678157	76.321844	87.806727	98.819528	109.059845	118.24835	126.134406	132.5029	137.180116	140.038472	141	0	11.603919	22.891313	33.554291	43.301995	51.868536	59.020238	64.56202	68.342719	70.259207	70.259207	68.342719	64.562019	59.020237	51.868536	43.301996	33.554291	22.891311	11.603918	0	4.863446	-1.056493	1.3547	2.462224	2.479896	1.710978	0.506992	-0.777687	-1.830344	-2.418544	-2.418544	-1.830344	-0.777686	0.506993	1.710978	2.479896	2.462224	1.354699	-1.056493	-4.863446
0	0.968347	3.846976	8.557364	14.971023	22.913009	32.166682	42.479625	53.570531	65.136867	76.863134	88.42947	99.520375	109.833319	119.086991	127.028976	133.442637	138.153025	141.031653	142	0	11.686216	23.053662	33.792265	43.609101	52.236398	59.438821	65.019906	68.827419	70.757499	70.757499	68.827419	65.019906	59.43882	52.236398	43.609102	33.792264	23.053661	11.686216	0	4.936526	-1.074384	1.372101	2.496308	2.51507	1.735943	0.515434	-0.787056	-1.854372	-2.45078	-2.45078	-1.854372	-0.787056	0.515434	1.735943	2.51507	2.496308	1.372101	-1.074384	-4.936526
0	0.975167	3.874067	8.617627	15.076453	23.074368	32.393208	42.778777	53.947788	65.595577	77.404423	89.052212	100.221223	110.606793	119.925632	127.923547	134.382374	139.125933	142.024833	143	0	11.768513	23.216012	34.030239	43.916208	52.60426	59.857404	65.477793	69.312119	71.255791	71.255791	69.312119	65.477793	59.857403	52.60426	43.916209	34.030238	23.21601	11.768513	0	5.010123	-1.092403	1.389626	2.530633	2.550492	1.761084	0.523935	-0.796491	-1.87857	-2.483244	-2.483244	-1.87857	-0.796491	0.523935	1.761084	2.550492	2.530633	1.389625	-1.092403	-5.010123
0	0.981986	3.901159	8.67789	15.181882	23.235727	32.619734	43.07793	54.325045	66.054287	77.945713	89.674955	100.922071	111.380267	120.764273	128.818117	135.32211	140.098842	143.018014	144	0	11.850811	23.378362	34.268212	44.223314	52.972122	60.275987	65.93568	69.796819	71.754084	71.754083	69.796819	65.935679	60.275987	52.972122	44.223315	34.268212	23.37836	11.85081	0	5.084238	-1.110548	1.407273	2.565198	2.586162	1.786402	0.532496	-0.805992	-1.902937	-2.515935	-2.515935	-1.902937	-0.805992	0.532496	1.786402	2.586162	2.565198	1.407272	-1.110548	-5.084238
0	0.988806	3.92825	8.738153	15.287312	23.397086	32.84626	43.377082	54.702302	66.512998	78.487003	90.297698	101.622918	112.153741	121.602913	129.712687	136.261847	141.071751	144.011195	145	0	11.933108	23.540711	34.506186	44.53042	53.339984	60.694571	66.393566	70.281519	72.252376	72.252376	70.281519	66.393566	60.69457	53.339984	44.530421	34.506185	23.54071	11.933108	0	5.15887	-1.128821	1.425042	2.600004	2.622081	1.811896	0.541117	-0.815558	-1.927474	-2.548853	-2.548853	-1.927474	-0.815558	0.541118	1.811896	2.622081	2.600003	1.425042	-1.128821	-5.15887
0	0.995625	3.955341	8.798416	15.392742	23.558445	33.072786	43.676234	55.07956	66.971708	79.028292	90.920441	102.323766	112.927215	122.441554	130.607257	137.201584	142.044659	145.004375	146	0	12.015405	23.703061	34.74416	44.837527	53.707846	61.113154	66.851453	70.766219	72.750668	72.750668	70.766219	66.851453	61.113153	53.707846	44.837528	34.744159	23.70306	12.015405	0	5.234019	-1.147221	1.442934	2.63505	2.658249	1.837568	0.549798	-0.825191	-1.952179	-2.581999	-2.581999	-1.952179	-0.825191	0.549799	1.837567	2.658249	2.63505	1.442934	-1.147221	-5.234019
0	1.002444	3.982433	8.858679	15.498172	23.719805	33.299312	43.975387	55.456817	67.430418	79.569582	91.543183	103.024614	113.700689	123.280195	131.501828	138.141321	143.017568	145.997556	147	0	12.097702	23.865411	34.982133	45.144633	54.075708	61.531737	67.30934	71.25092	73.24896	73.24896	71.25092	67.309339	61.531736	54.075708	45.144634	34.982133	23.865409	12.097702	0	5.309686	-1.165748	1.460948	2.670337	2.694665	1.863415	0.558539	-0.834889	-1.977055	-2.615372	-2.615372	-1.977055	-0.834889	0.55854	1.863415	2.694665	2.670337	1.460948	-1.165748	-5.309686
0	1.009264	4.009524	8.918942	15.603601	23.881164	33.525838	44.274539	55.834074	67.889129	80.110872	92.165926	103.725462	114.474163	124.118836	132.396398	139.081058	143.990476	146.990736	148	0	12.18	24.027761	35.220107	45.451739	54.44357	61.95032	67.767226	71.73562	73.747253	73.747252	71.73562	67.767226	61.95032	54.44357	45.451741	35.220107	24.027759	12.179999	0	5.38587	-1.184402	1.479085	2.705865	2.73133	1.889439	0.56734	-0.844653	-2.002099	-2.648972	-2.648972	-2.002099	-0.844653	0.567341	1.889439	2.73133	2.705865	1.479085	-1.184402	-5.38587
0	1.016083	4.036615	8.979206	15.709031	24.042523	33.752364	44.573691	56.211331	68.347839	80.652161	92.788669	104.426309	115.247638	124.957476	133.290968	140.020795	144.963385	147.983917	149	0	12.262297	24.19011	35.458081	45.758846	54.811432	62.368904	68.225113	72.22032	74.245545	74.245545	72.22032	68.225113	62.368903	54.811432	45.758847	35.45808	24.190109	12.262297	0	5.462571	-1.203183	1.497345	2.741633	2.768244	1.91564	0.576201	-0.854483	-2.027313	-2.6828	-2.6828	-2.027313	-0.854483	0.576201	1.91564	2.768244	2.741633	1.497345	-1.203183	-5.462571
0	1.022902	4.063707	9.039469	15.814461	24.203882	33.97889	44.872843	56.588589	68.806549	81.193451	93.411412	105.127157	116.021112	125.796117	134.185538	140.960532	145.936294	148.977098	150	0	12.344594	24.35246	35.696055	46.065952	55.179293	62.787487	68.683	72.70502	74.743837	74.743837	72.70502	68.682999	62.787486	55.179294	46.065953	35.696054	24.352458	12.344594	0	5.539789	-1.222091	1.515727	2.777642	2.805406	1.942017	0.585122	-0.864379	-2.052696	-2.716855	-2.716855	-2.052696	-0.864379	0.585122	1.942017	2.805405	2.777642	1.515727	-1.222091	-5.539789
0	1.029722	4.090798	9.099732	15.91989	24.365242	34.205416	45.171996	56.965846	69.26526	81.734741	94.034154	105.828005	116.794586	126.634758	135.080109	141.900269	146.909202	149.970278	151	0	12.426892	24.51481	35.934028	46.373058	55.547155	63.20607	69.140886	73.18972	75.242129	75.242129	73.18972	69.140886	63.206069	55.547156	46.37306	35.934028	24.514808	12.426891	0	5.617525	-1.241126	1.534232	2.813892	2.842816	1.968571	0.594103	-0.874341	-2.078249	-2.751137	-2.751137	-2.078249	-0.874341	0.594103	1.968571	2.842816	2.813892	1.534232	-1.241126	-5.617525
0	1.036541	4.11789	9.159995	16.02532	24.526601	34.431941	45.471148	57.343103	69.72397	82.27603	94.656897	106.528852	117.56806	127.473399	135.974679	142.840005	147.882111	150.963459	152	0	12.509189	24.67716	36.172002	46.680165	55.915017	63.624653	69.598773	73.67442	75.740422	75.740421	73.67442	69.598773	63.624652	55.915018	46.680166	36.172001	24.677158	12.509189	0	5.695778	-1.260288	1.55286	2.850383	2.880475	1.995302	0.603143	-0.884368	-2.103971	-2.785647	-2.785647	-2.103971	-0.884368	0.603144	1.995302	2.880475	2.850383	1.552859	-1.260288	-5.695778
0	1.04336	4.144981	9.220258	16.13075	24.68796	34.658467	45.7703	57.720361	70.18268	82.81732	95.27964	107.2297	118.341534	128.31204	136.869249	143.779742	148.85502	151.95664	153	0	12.591486	24.839509	36.409976	46.987271	56.282879	64.043237	70.05666	74.15912	76.238714	76.238714	74.15912	70.056659	64.043236	56.28288	46.987272	36.409975	24.839508	12.591486	0	5.774549	-1.279577	1.57161	2.887114	2.918383	2.022209	0.612244	-0.894462	-2.129862	-2.820384	-2.820384	-2.129862	-0.894462	0.612244	2.022209	2.918383	2.887114	1.571609	-1.279577	-5.774549
0	1.05018	4.172072	9.280521	16.23618	24.849319	34.884993	46.069453	58.097618	70.641391	83.35861	95.902382	107.930548	119.115008	129.15068	137.763819	144.719479	149.827928	152.94982	154	0	12.673783	25.001859	36.647949	47.294378	56.650741	64.46182	70.514546	74.643821	76.737006	76.737006	74.64382	70.514546	64.461819	56.650742	47.294379	36.647949	25.001857	12.673783	0	5.853836	-1.298993	1.590482	2.924086	2.956539	2.049292	0.621404	-0.904621	-2.155923	-2.855349	-2.855349	-2.155923	-0.904621	0.621404	2.049292	2.956539	2.924086	1.590482	-1.298993	-5.853836
0	1.056999	4.199164	9.340784	16.341609	25.010678	35.111519	46.368605	58.474875	71.100101	83.899899	96.525125	108.631395	119.888482	129.989321	138.65839	145.659216	150.800837	153.943001	155	0	12.756081	25.164209	36.885923	47.601484	57.018603	64.880403	70.972433	75.128521	77.235298	77.235298	75.128521	70.972433	64.880402	57.018604	47.601485	36.885922	25.164207	12.756081	0	5.933641	-1.318536	1.609477	2.961298	2.994943	2.076552	0.630625	-0.914846	-2.182153	-2.890541	-2.890541	-2.182153	-0.914846	0.630625	2.076552	2.994943	2.961298	1.609477	-1.318536	-5.933641
0	1.063818	4.226255	9.401047	16.447039	25.172038	35.338045	46.667757	58.852132	71.558811	84.441189	97.147868	109.332243	120.661956	130.827962	139.55296	146.598953	151.773745	154.936182	156	0	12.838378	25.326559	37.123897	47.90859	57.386465	65.298986	71.43032	75.613221	77.73359	77.73359	75.613221	71.430319	65.298985	57.386466	47.908591	37.123896	25.326557	12.838378	0	6.013963	-1.338206	1.628595	2.998752	3.033597	2.103989	0.639905	-0.925137	-2.208553	-2.92596	-2.92596	-2.208553	-0.925137	0.639905	2.103989	3.033597	2.998751	1.628595	-1.338206	-6.013963
0	1.070638	4.253347	9.461311	16.552469	25.333397	35.564571	46.966909	59.22939	72.017522	84.982479	97.770611	110.033091	121.43543	131.666603	140.44753	147.53869	152.746654	155.929362	157	0	12.920675	25.488908	37.36187	48.215697	57.754327	65.71757	71.888206	76.097921	78.231883	78.231883	76.097921	71.888206	65.717569	57.754328	48.215698	37.36187	25.488906	12.920675	0	6.094802	-1.358003	1.647836	3.036445	3.072498	2.131602	0.649245	-0.935494	-2.235122	-2.961607	-2.961607	-2.235122	-0.935494	0.649245	2.131602	3.072498	3.036445	1.647835	-1.358003	-6.094802
0	1.077457	4.280438	9.521574	16.657899	25.494756	35.791097	47.266062	59.606647	72.476232	85.523768	98.393353	110.733939	122.208904	132.505243	141.3421	148.478427	153.719563	156.922543	158	0	13.002973	25.651258	37.599844	48.522803	58.122189	66.136153	72.346093	76.582621	78.730175	78.730175	76.582621	72.346093	66.136152	58.12219	48.522804	37.599843	25.651256	13.002972	0	6.176158	-1.377927	1.667199	3.07438	3.111649	2.159392	0.658645	-0.945917	-2.261861	-2.997481	-2.997481	-2.261861	-0.945917	0.658645	2.159392	3.111649	3.07438	1.667199	-1.377927	-6.176158
0	1.084276	4.307529	9.581837	16.763328	25.656115	36.017623	47.565214	59.983904	72.934942	86.065058	99.016096	111.434786	122.982378	133.343884	142.236671	149.418164	154.692471	157.915724	159	0	13.08527	25.813608	37.837818	48.829909	58.490051	66.554736	72.80398	77.067321	79.228467	79.228467	77.067321	72.803979	66.554735	58.490052	48.82991	37.837817	25.813606	13.08527	0	6.258032	-1.397978	1.686685	3.112555	3.151048	2.187358	0.668105	-0.956406	-2.288769	-3.033583	-3.033583	-2.288769	-0.956406	0.668105	2.187358	3.151048	3.112555	1.686684	-1.397978	-6.258032
0	1.091096	4.334621	9.6421	16.868758	25.817474	36.244149	47.864366	60.361161	73.393653	86.606348	99.638839	112.135634	123.755852	134.182525	143.131241	150.3579	155.66538	158.908904	160	0	13.167567	25.975957	38.075792	49.137016	58.857913	66.973319	73.261866	77.552021	79.726759	79.726759	77.552021	73.261866	66.973318	58.857913	49.137017	38.075791	25.975956	13.167567	0	6.340422	-1.418156	1.706293	3.150971	3.190695	2.215501	0.677624	-0.966961	-2.315846	-3.069912	-3.069912	-2.315846	-0.96696	0.677625	2.215501	3.190695	3.150971	1.706293	-1.418156	-6.340422
0	1.097915	4.361712	9.702363	16.974188	25.978834	36.470675	48.163519	60.738419	73.852363	87.147637	100.261582	112.836482	124.529327	135.021166	144.025811	151.297637	156.638289	159.902085	161	0	13.249865	26.138307	38.313765	49.444122	59.225775	67.391903	73.719753	78.036721	80.225052	80.225052	78.036721	73.719753	67.391902	59.225775	49.444123	38.313765	26.138305	13.249864	0	6.42333	-1.438461	1.726024	3.189628	3.230591	2.24382	0.687204	-0.977581	-2.343093	-3.106468	-3.106468	-2.343093	-0.977581	0.687204	2.24382	3.230591	3.189628	1.726024	-1.438461	-6.42333
0	1.104734	4.388803	9.762626	17.079618	26.140193	36.697201	48.462671	61.115676	74.311073	87.688927	100.884324	113.537329	125.302801	135.859807	144.920381	152.237374	157.611197	160.895266	162	0	13.332162	26.300657	38.551739	49.751228	59.593637	67.810486	74.17764	78.521422	80.723344	80.723344	78.521422	74.177639	67.810485	59.593637	49.751229	38.551738	26.300655	13.332162	0	6.506755	-1.458892	1.745878	3.228526	3.270736	2.272316	0.696843	-0.988268	-2.370509	-3.143252	-3.143252	-2.370509	-0.988268	0.696844	2.272316	3.270736	3.228526	1.745878	-1.458892	-6.506755
0	1.111554	4.415895	9.822889	17.185047	26.301552	36.923727	48.761823	61.492933	74.769784	88.230217	101.507067	114.238177	126.076275	136.698447	145.814952	153.177111	158.584106	161.888446	163	0	13.414459	26.463007	38.789713	50.058335	59.961499	68.229069	74.635526	79.006122	81.221636	81.221636	79.006122	74.635526	68.229068	59.961499	50.058336	38.789712	26.463005	13.414459	0	6.590697	-1.479451	1.765854	3.267664	3.311129	2.300988	0.706543	-0.99902	-2.398095	-3.180263	-3.180263	-2.398095	-0.99902	0.706543	2.300988	3.311129	3.267664	1.765854	-1.479451	-6.590697
0	1.118373	4.442986	9.883152	17.290477	26.462911	37.150253	49.060975	61.87019	75.228494	88.771506	102.12981	114.939025	126.849749	137.537088	146.709522	154.116848	159.557014	162.881627	164	0	13.496756	26.625356	39.027686	50.365441	60.329361	68.647652	75.093413	79.490822	81.719928	81.719928	79.490822	75.093413	68.647651	60.329361	50.365442	39.027686	26.625355	13.496756	0	6.675156	-1.500137	1.785953	3.307043	3.35177	2.329837	0.716302	-1.009839	-2.42585	-3.217502	-3.217502	-2.42585	-1.009838	0.716302	2.329837	3.35177	3.307043	1.785953	-1.500137	-6.675156
0	1.125192	4.470078	9.943416	17.395907	26.624271	37.376779	49.360128	62.247448	75.687204	89.312796	102.752553	115.639873	127.623223	138.375729	147.604092	155.056585	160.529923	163.874808	165	0	13.579054	26.787706	39.26566	50.672547	60.697223	69.066236	75.5513	79.975522	82.218221	82.218221	79.975522	75.551299	69.066235	60.697223	50.672549	39.265659	26.787704	13.579053	0	6.760132	-1.520949	1.806175	3.346662	3.392661	2.358863	0.726121	-1.020723	-2.453775	-3.254969	-3.254968	-2.453775	-1.020723	0.726121	2.358863	3.39266	3.346662	1.806175	-1.520949	-6.760132
0	1.132012	4.497169	10.003679	17.501337	26.78563	37.603305	49.65928	62.624705	76.145915	89.854086	103.375295	116.34072	128.396697	139.21437	148.498662	155.996322	161.502832	164.867988	166	0	13.661351	26.950056	39.503634	50.979654	61.065085	69.484819	76.009186	80.460222	82.716513	82.716513	80.460222	76.009186	69.484818	61.065085	50.979655	39.503633	26.950054	13.661351	0	6.845625	-1.541889	1.826519	3.386522	3.433799	2.388065	0.736	-1.031673	-2.48187	-3.292662	-3.292662	-2.481869	-1.031673	0.736	2.388065	3.433799	3.386522	1.826519	-1.541889	-6.845625
0	1.138831	4.52426	10.063942	17.606766	26.946989	37.82983	49.958432	63.001962	76.604625	90.395375	103.998038	117.041568	129.170171	140.053011	149.393233	156.936059	162.47574	165.861169	167	0	13.743648	27.112406	39.741607	51.28676	61.432947	69.903402	76.467073	80.944922	83.214805	83.214805	80.944922	76.467073	69.903401	61.432947	51.286761	39.741607	27.112404	13.743648	0	6.931636	-1.562955	1.846986	3.426624	3.475187	2.417443	0.745938	-1.042689	-2.510133	-3.330583	-3.330583	-2.510133	-1.042689	0.745939	2.417443	3.475187	3.426623	1.846986	-1.562955	-6.931636
0	1.145651	4.551352	10.124205	17.712196	27.108348	38.056356	50.257585	63.379219	77.063335	90.936665	104.620781	117.742416	129.943645	140.891651	150.287803	157.875795	163.448649	166.85435	168	0	13.825946	27.274755	39.979581	51.593866	61.800809	70.321985	76.92496	81.429622	83.713097	83.713097	81.429622	76.924959	70.321984	61.800809	51.593868	39.97958	27.274753	13.825945	0	7.018163	-1.584148	1.867576	3.466965	3.516823	2.446998	0.755937	-1.053771	-2.538567	-3.368732	-3.368732	-2.538567	-1.053771	0.755937	2.446998	3.516822	3.466965	1.867576	-1.584148	-7.018163
0	1.15247	4.578443	10.184468	17.817626	27.269707	38.282882	50.556737	63.756477	77.522046	91.477955	105.243524	118.443263	130.717119	141.730292	151.182373	158.815532	164.421558	167.84753	169	0	13.908243	27.437105	40.217555	51.900973	62.168671	70.740569	77.382846	81.914323	84.21139	84.21139	81.914322	77.382846	70.740568	62.168671	51.900974	40.217554	27.437103	13.908243	0	7.105208	-1.605468	1.888289	3.507548	3.558707	2.47673	0.765995	-1.06492	-2.567169	-3.407108	-3.407108	-2.567169	-1.06492	0.765996	2.47673	3.558707	3.507548	1.888288	-1.605468	-7.105208
0	1.159289	4.605534	10.244731	17.923056	27.431067	38.509408	50.855889	64.133734	77.980756	92.019244	105.866266	119.144111	131.490593	142.568933	152.076943	159.755269	165.394466	168.840711	170	0	13.99054	27.599455	40.455529	52.208079	62.536533	71.159152	77.840733	82.399023	84.709682	84.709682	82.399023	77.840733	71.159151	62.536533	52.20808	40.455528	27.599453	13.99054	0	7.192769	-1.626915	1.909124	3.548371	3.60084	2.506638	0.776114	-1.076134	-2.595942	-3.445712	-3.445712	-2.595942	-1.076134	0.776114	2.506638	3.60084	3.548371	1.909123	-1.626915	-7.192769
0	1.166109	4.632626	10.304994	18.028485	27.592426	38.735934	51.155041	64.510991	78.439466	92.560534	106.489009	119.844959	132.264067	143.407574	152.971514	160.695006	166.367375	169.833891	171	0	14.072837	27.761805	40.693502	52.515185	62.904395	71.577735	78.29862	82.883723	85.207974	85.207974	82.883723	78.298619	71.577734	62.904395	52.515187	40.693501	27.761803	14.072837	0	7.280848	-1.648489	1.930082	3.589435	3.643222	2.536723	0.786292	-1.087414	-2.624883	-3.484543	-3.484543	-2.624883	-1.087414	0.786292	2.536723	3.643221	3.589435	1.930081	-1.648489	-7.280848
0	1.172928	4.659717	10.365257	18.133915	27.753785	38.96246	51.454194	64.888248	78.898177	93.101824	107.111752	120.545807	133.037541	144.246214	153.866084	161.634743	167.340283	170.827072	172	0	14.155135	27.924154	40.931476	52.822292	63.272257	71.996318	78.756506	83.368423	85.706266	85.706266	83.368423	78.756506	71.996317	63.272257	52.822293	40.931475	27.924152	14.155135	0	7.369443	-1.67019	1.951162	3.63074	3.685852	2.566984	0.79653	-1.09876	-2.653995	-3.523602	-3.523602	-2.653995	-1.09876	0.79653	2.566984	3.685852	3.630739	1.951162	-1.67019	-7.369443
0	1.179747	4.686809	10.425521	18.239345	27.915144	39.188986	51.753346	65.265506	79.356887	93.643113	107.734495	121.246654	133.811015	145.084855	154.760654	162.57448	168.313192	171.820253	173	0	14.237432	28.086504	41.16945	53.129398	63.640118	72.414901	79.214393	83.853123	86.204559	86.204559	83.853123	79.214393	72.414901	63.640119	53.129399	41.169449	28.086502	14.237432	0	7.458556	-1.692017	1.972365	3.672285	3.72873	2.597421	0.806827	-1.110172	-2.683275	-3.562888	-3.562888	-2.683275	-1.110171	0.806828	2.597421	3.72873	3.672285	1.972365	-1.692017	-7.458556
0	1.186567	4.7139	10.485784	18.344774	28.076503	39.415512	52.052498	65.642763	79.815597	94.184403	108.357237	121.947502	134.58449	145.923496	155.655225	163.514217	169.286101	172.813433	174	0	14.319729	28.248854	41.407423	53.436504	64.00798	72.833485	79.67228	84.337823	86.702851	86.702851	84.337823	79.672279	72.833484	64.007981	53.436506	41.407423	28.248852	14.319729	0	7.548186	-1.713972	1.993691	3.714071	3.771857	2.628036	0.817185	-1.121649	-2.712726	-3.602401	-3.602401	-2.712726	-1.121649	0.817185	2.628035	3.771857	3.714071	1.993691	-1.713972	-7.548186
0	1.193386	4.740991	10.546047	18.450204	28.237863	39.642038	52.351651	66.02002	80.274308	94.725693	108.97998	122.64835	135.357964	146.762137	156.549795	164.453954	170.259009	173.806614	175	0	14.402027	28.411203	41.645397	53.743611	64.375842	73.252068	80.130166	84.822523	87.201143	87.201143	84.822523	80.130166	73.252067	64.375843	53.743612	41.645396	28.411202	14.402026	0	7.638332	-1.736053	2.01514	3.756098	3.815233	2.658826	0.827603	-1.133193	-2.742346	-3.642143	-3.642143	-2.742345	-1.133193	0.827603	2.658826	3.815233	3.756098	2.01514	-1.736053	-7.638332
