8.432026874852489300e+02
8.417885884411351753e+02
8.412220230711237718e+02
8.411228097113516924e+02
8.401053550526639810e+02
8.398913067827387522e+02
8.401954779059116163e+02
8.392485225613246484e+02
8.397077654388574501e+02
8.389062695939023797e+02
8.393845334830430147e+02
8.387862666945483170e+02
8.386212536177404218e+02
8.393773797399030627e+02
8.388116055057859057e+02
8.384971940839346871e+02
8.381860643574651704e+02
8.390203633292946961e+02
8.385440658400502798e+02
8.383931588715398675e+02
8.379970710694719855e+02
8.380305021804458647e+02
8.380723053943717105e+02
8.379759177732861417e+02
8.379273093845343965e+02
8.377840547289277993e+02
8.375205777788288515e+02
8.374570821322289476e+02
8.376903641198603054e+02
8.373085206333407768e+02
8.373407386033883313e+02
8.370119828055700282e+02
8.371176205464761324e+02
8.368631122246173391e+02
8.366692909315790985e+02
8.367822485594606405e+02
8.367538924895508217e+02
8.365708025370214500e+02
8.365519618360360710e+02
8.363110074405470868e+02
8.361411860110414409e+02
8.361846274967604131e+02
8.361314722899487606e+02
8.360215508635243395e+02
8.361874343833165995e+02
8.358953518602153281e+02
8.359122832895976671e+02
8.358301676474687838e+02
8.358192864228039980e+02
8.357734159957441307e+02
8.357386464921687548e+02
8.357809444328523796e+02
8.356537833386539660e+02
8.357059779419686265e+02
8.357322905981948225e+02
8.356051159073194867e+02
8.355679909468645974e+02
8.356059427899396042e+02
8.356498737529904020e+02
8.356214540380070730e+02
8.356679008360600847e+02
8.356000032275036347e+02
8.355719955175903806e+02
8.355211391393622762e+02
8.354701646016734458e+02
8.353600885993362226e+02
8.354141274196499580e+02
8.354146928590599828e+02
8.355094307565640293e+02
8.353678603076358513e+02
8.353107814197867356e+02
8.353935706415301183e+02
8.353574804400778930e+02
8.354079111545469232e+02
8.352657779850733277e+02
8.352947414006229110e+02
8.351845935893613841e+02
8.352064334968772528e+02
8.351713584290448580e+02
8.351945938835236802e+02
8.351695465013419835e+02
8.352244822746581576e+02
8.352281066019720583e+02
8.351403843448409816e+02
8.351665815134480226e+02
8.351331804178848870e+02
8.351895103494654222e+02
8.351664521414610363e+02
8.350745362923744324e+02
8.351175636824676758e+02
8.350849783672107378e+02
8.350721329943329465e+02
8.351407922215777262e+02
8.350432869974207506e+02
8.351556471712571010e+02
8.350976247797755150e+02
8.350301604814616212e+02
8.350927421568699174e+02
8.350007027394999568e+02
8.350442028862319148e+02
8.350742560692729057e+02
8.350200132263719297e+02
8.349795485122726859e+02
8.350010057288872076e+02
8.349593249188279742e+02
8.350428989252936844e+02
8.349684275956560668e+02
8.349684219100372502e+02
8.349597922989939889e+02
8.349600476771680633e+02
8.349408577601249135e+02
8.349897081235002361e+02
8.348844463889627150e+02
8.348925039612266801e+02
8.348886755686429524e+02
8.349161562178161375e+02
8.349103402361133703e+02
8.348726658142031738e+02
8.348783225816375761e+02
8.348781930644873910e+02
8.348592075653690472e+02
8.349768393572578589e+02
8.350537316233253478e+02
8.348119544789705060e+02
8.348587506082840264e+02
8.348342631708848103e+02
8.347884798542210092e+02
8.348160423632131142e+02
8.348649331746921689e+02
8.348206473849011218e+02
8.350807539622105651e+02
8.351208361420991650e+02
8.350541253416131440e+02
8.349480289944606284e+02
8.351648688329876222e+02
8.349960787979148336e+02
8.350254257307475427e+02
8.349417091213201729e+02
8.348420951516051218e+02
8.348891262765182546e+02
8.349059804814058907e+02
8.348625056572118410e+02
8.350378312282351772e+02
8.348850141028557346e+02
8.348945966879924754e+02
8.348628310178635274e+02
8.348700883157357566e+02
8.348787989087297774e+02
8.348601238854528219e+02
8.348537393357727296e+02
8.349240417938574410e+02
8.349399156315023447e+02
8.348002397529517111e+02
8.348384655739339451e+02
8.347974553622464100e+02
8.348042730281990771e+02
8.348096501022876055e+02
8.348348259938933325e+02
8.347585751513756804e+02
8.348281270061390842e+02
8.347886171617088849e+02
8.347662579876388236e+02
8.347494162598203502e+02
8.348120393576627976e+02
8.347921744958181307e+02
8.347758258553045607e+02
8.347311753780088566e+02
8.348063568673360351e+02
8.347052317156702657e+02
8.346870628911123049e+02
8.346692937394990395e+02
8.348526488120826343e+02
8.347642847053214155e+02
8.346914595646766202e+02
8.347439096432249244e+02
8.347417425651033227e+02
8.347756858499773216e+02
8.346560558012669162e+02
8.347275221830954024e+02
8.347339240351938088e+02
8.347484343554473298e+02
8.346836475124933941e+02
8.346844549454783646e+02
8.346756643918166674e+02
8.347712642783737920e+02
8.347465334687346967e+02
8.346755723495668917e+02
8.346616379932570453e+02
8.346800025066465878e+02
8.347281426179205255e+02
8.346311346538504949e+02
8.347364827378494283e+02
8.346748050679188964e+02
8.347818799958441787e+02
8.345933238038406898e+02
8.345800995613747091e+02
8.345301894148864221e+02
8.347003422029808917e+02
8.346783393936425455e+02
8.345826301818872253e+02
8.346274136821211869e+02
8.346089426450220117e+02
8.345078639411718768e+02
8.347912280587479472e+02
8.345338517959704632e+02
8.347396161714744949e+02
8.345995897692804419e+02
8.345825234327535327e+02
8.346104466373909645e+02
8.345553651029806588e+02
8.345691509983713559e+02
8.345632192973522478e+02
8.346665935180553788e+02
8.345078556332298376e+02
8.344382325081453473e+02
8.344681442785428089e+02
8.345814602248863139e+02
8.344949806799303360e+02
8.345868830008625991e+02
8.345942540909427407e+02
8.345378144822821014e+02
8.345090340383017065e+02
8.344933779485312471e+02
8.346562348152159529e+02
8.344306643027724704e+02
8.345329047444909065e+02
8.343682070184974009e+02
8.344128366602883489e+02
8.344911007400039580e+02
8.344644422921492151e+02
8.344292153863253816e+02
8.344250523112714291e+02
8.343996789406563721e+02
8.345053427655267342e+02
8.344398441765861207e+02
8.344006393974435696e+02
8.344468523256111894e+02
8.345301529964660858e+02
8.342971874067542331e+02
8.343458426110533992e+02
8.343985287553174430e+02
8.343137897420235731e+02
8.346551114680808041e+02
8.344621510003728417e+02
8.344781374782500052e+02
8.343327980534666040e+02
8.344962824799805503e+02
8.343908642797625816e+02
8.343990364293655375e+02
8.344772107070575657e+02
8.342428051287413382e+02
8.343174507653534420e+02
8.343075239554767677e+02
8.344098359197993204e+02
8.344136473979397124e+02
8.344068749256273350e+02
8.342679684941200549e+02
8.343726644283511860e+02
8.343656360209164404e+02
8.342749384027150654e+02
8.341920225211366642e+02
8.340551908579567453e+02
8.341050106962738937e+02
8.340408958188469342e+02
8.341773418115961931e+02
8.341231233363988622e+02
8.342923162049648909e+02
8.341024599703696367e+02
8.342775836485297987e+02
8.342149811946734417e+02
8.340458482053253420e+02
8.343064530756640806e+02
8.349800940286368132e+02
8.347005223073592788e+02
8.346310609118169168e+02
8.357785776862347120e+02
8.346268482023041315e+02
8.342586708320832258e+02
8.342738342798437543e+02
8.343910694961032277e+02
8.348239006993167095e+02
8.348695069245010245e+02
8.344039476435842744e+02
8.346820098686049505e+02
8.343485603914596140e+02
8.345647747478500378e+02
8.342627008597032727e+02
8.339610017182235424e+02
8.347270272654956216e+02
8.344298643041578316e+02
8.348836087491363287e+02
8.344901889855885884e+02
8.341785015670126313e+02
8.347548729133142160e+02
8.343339111407919972e+02
8.350548612973213949e+02
8.341261243856564533e+02
8.341493514788178345e+02
8.347531188428753239e+02
8.347279249961084133e+02
8.338741690388721963e+02
8.343220379758309946e+02
8.345146998197261610e+02
8.344248076274921004e+02
8.342800910757362089e+02
8.344425357060225679e+02
8.348588301555412272e+02
8.344514070246368647e+02
8.344519242910351977e+02
8.344333079269173368e+02
8.340772458502214022e+02
8.338762863070686535e+02
8.349726865391141928e+02
8.342810602355045830e+02
8.342040794520937652e+02
8.351606167110455772e+02
8.355472715692418433e+02
8.343144722020007293e+02
8.341533230509925261e+02
8.361174335230563202e+02
8.359104489996889242e+02
8.357852232228999583e+02
8.385738960205981130e+02
8.381093650379059454e+02
8.379187001165986430e+02
8.368442459930578252e+02
8.358117187685808176e+02
8.352574813288091491e+02
8.350818740652065344e+02
8.351820554832119115e+02
8.349161290344958388e+02
8.348766111389487605e+02
8.348362316558981320e+02
8.347930180901872745e+02
8.351790028497541698e+02
8.347900423362394804e+02
8.364364666495788470e+02
8.360722530757797131e+02
8.350843219825611641e+02
8.354058527298060426e+02
8.358301362926316642e+02
8.353628690618986639e+02
8.351425164389546580e+02
8.359858335759314514e+02
8.361305627271814274e+02
8.354798482954502106e+02
8.359273514706852666e+02
8.354619119618755576e+02
8.353912924744610109e+02
8.362258808720716843e+02
8.354322351955649992e+02
8.355103312880152089e+02
8.353523157770516718e+02
8.354860050096440318e+02
8.352702105358278004e+02
8.350677366846609857e+02
8.352736044164290661e+02
8.353837806230480965e+02
8.353130220348577950e+02
8.347829803335392853e+02
8.354393876866384971e+02
8.348305286184515808e+02
8.354449444379534953e+02
8.349518503228132431e+02
8.350165273565447706e+02
8.347523794382863116e+02
8.346686702428280569e+02
8.350433321479919186e+02
8.349592410997083789e+02
8.349787723279364400e+02
8.349743570050681001e+02
8.350392915209192779e+02
8.348138301160081483e+02
8.347278025625097371e+02
8.343793171623651688e+02
8.348158621071082734e+02
8.345783738855728870e+02
8.345075008454117551e+02
8.352989868085901435e+02
8.346843590564358237e+02
8.349467960323717080e+02
8.364168034568605208e+02
8.352178776309702926e+02
8.346723290722782167e+02
8.346813046173280100e+02
8.348024369014497097e+02
8.353192363269099587e+02
8.349569577890677010e+02
8.348069116986304152e+02
8.354764421956157321e+02
8.357495647027983523e+02
8.353257346070319045e+02
8.349670866216304148e+02
8.353383640779603638e+02
8.346165178295329952e+02
8.356381859752824539e+02
8.355057407195838550e+02
8.351943237211660289e+02
8.348563719055667889e+02
8.350181509536813564e+02
8.347457402310386669e+02
8.345076736970717093e+02
8.339125582327328630e+02
8.339848287270035598e+02
8.343798718247386432e+02
8.342824628669592357e+02
8.343588778946267439e+02
8.352433604949663959e+02
8.357702898761117467e+02
8.353779075276106596e+02
8.357937212149735160e+02
8.350699685410297661e+02
8.354676841071121771e+02
8.353973435161037742e+02
8.350037613112374402e+02
8.349706520401468879e+02
8.356420038187138744e+02
8.347401178377627957e+02
8.358968573094890644e+02
8.344704398559230185e+02
8.341974765510773295e+02
8.346730033199671652e+02
8.357597492435806998e+02
8.353968922439962626e+02
8.347332159692316509e+02
8.351318980312186113e+02
8.343962634402098502e+02
8.343910440385762968e+02
8.347421437401922049e+02
8.348492867667051769e+02
8.346029862934231005e+02
8.377199916597631955e+02
8.362213486254320287e+02
8.362269963127262145e+02
8.359031515828562533e+02
8.359736571976177402e+02
8.361444607332595069e+02
8.370119478661074481e+02
8.353010935997766637e+02
8.355056766848132384e+02
8.357462036245027548e+02
8.356259061619111890e+02
8.353235523135595031e+02
8.352711394082333527e+02
8.348916461042322226e+02
8.351887780191588035e+02
8.352469285237866643e+02
8.345235327947182213e+02
8.342643931572202973e+02
8.342697728434050077e+02
8.340416993616008767e+02
8.344017542120034250e+02
8.337581375313676517e+02
8.354438698998353630e+02
8.354753265844411771e+02
8.355774067885259910e+02
8.359966897345411780e+02
8.353328691300813489e+02
8.352175186249111221e+02
8.363403044969792290e+02
8.362268111896964911e+02
8.356243479412646593e+02
8.360455309844242038e+02
8.357811321886607629e+02
8.352739091578098396e+02
8.359499460121721768e+02
8.353400172423922641e+02
8.356125563701245937e+02
8.345613601476235317e+02
8.349736721595256768e+02
8.360898857732778424e+02
8.353566310361449041e+02
8.350290382485660530e+02
8.352653372854803138e+02
8.349529319675287979e+02
8.352160917891470717e+02
8.345068890910665687e+02
8.333742136183142293e+02
8.345654798301183064e+02
8.342445896591744940e+02
8.342061831138958041e+02
8.327967754992181426e+02
8.347759567771704496e+02
8.332405877425247809e+02
8.333486624048530302e+02
8.327984486294664066e+02
8.342187464109639450e+02
8.343912246738437943e+02
8.338937683883035561e+02
8.334931682668766371e+02
8.356013295698805905e+02
8.358777305389279491e+02
8.354007493083558984e+02
8.341444745447732885e+02
8.360882034126387907e+02
8.337845597431801252e+02
8.341374114437626304e+02
8.357395425084978342e+02
8.354235658511905740e+02
8.352433552864306421e+02
8.351280488738842678e+02
8.350754259428325668e+02
8.351207446205728502e+02
8.350131001977671303e+02
8.349957526924598596e+02
8.353281657183455309e+02
8.348363035724954671e+02
8.348844112802015616e+02
8.348195717015198625e+02
8.348740576926250014e+02
8.349353961670278750e+02
8.348268927773899577e+02
8.347701207586950432e+02
8.347521911800382668e+02
8.347904913221960896e+02
8.348858749963044374e+02
8.347557281981187316e+02
8.347774931966625900e+02
8.347150486699076737e+02
8.347190646664503220e+02
8.347335723510784646e+02
8.347044597107758364e+02
8.346806133224646373e+02
8.346568798946022980e+02
8.346750548595017563e+02
8.346397420925369488e+02
8.347289597514471780e+02
8.346630592142706746e+02
8.347070183872579037e+02
8.346783303929545355e+02
8.346372180288165055e+02
8.346034625025009746e+02
8.345715870313645155e+02
8.345577117850792774e+02
8.345821785629938176e+02
8.345883310684530443e+02
8.345571123254134136e+02
8.345446284502164644e+02
8.345191022559631620e+02
8.345443826368833697e+02
8.345450608296987411e+02
8.345046037152180816e+02
8.345343838383724915e+02
8.344374133319295197e+02
8.344728758679879093e+02
8.344604188302743069e+02
8.344909435850568116e+02
8.345446905585023387e+02
8.345078659781939905e+02
8.344229852372939149e+02
8.345102576618082821e+02
8.345187279431518164e+02
8.344251363345088066e+02
8.344723843132356933e+02
8.345121604655078045e+02
8.344094253132506083e+02
8.343747138855100047e+02
8.344532491632842266e+02
8.344871790797519679e+02
8.343659509191166990e+02
8.344365524730803827e+02
8.347595962548610942e+02
8.345434471953590219e+02
8.344544490341642131e+02
8.345654878916552661e+02
8.345234240190793571e+02
8.343900852427677819e+02
8.343642841907710590e+02
8.343654734099388861e+02
8.341966706423686446e+02
8.341973141387790065e+02
8.342403730000281712e+02
8.343183102773256223e+02
8.343120053457887479e+02
8.342968168990546474e+02
8.341388517658771207e+02
8.352227726635383078e+02
8.349514637372526522e+02
8.343125119397750495e+02
8.341295797219061114e+02
8.340784277250235164e+02
8.341438289741230392e+02
8.345012976881819213e+02
8.351654073904567213e+02
8.347255430524676285e+02
8.343022195046837624e+02
8.340903639097891755e+02
8.337468640196032084e+02
8.339222488868894061e+02
8.338739162804910166e+02
8.339272405447543406e+02
8.341007584957757217e+02
8.339721805684022229e+02
8.335597089807642988e+02
8.337312188690247012e+02
8.335025516147286453e+02
8.335773071670237186e+02
8.333589760200559340e+02
8.334467356896713000e+02
8.337616919916263214e+02
8.337086462401433664e+02
8.337112338253700727e+02
8.353093675842403627e+02
8.347598467568498108e+02
8.344618387303473810e+02
8.341319444848505782e+02
8.339367661404879755e+02
8.341595551844791316e+02
8.343579697334295133e+02
8.340568778325434778e+02
8.335287258012641587e+02
8.335236379330063983e+02
8.334082550442302590e+02
8.341072185079233350e+02
8.345037772690104703e+02
8.322537656202033531e+02
8.323189662080434346e+02
8.325711787764229257e+02
8.318490011960021775e+02
8.324098141508633262e+02
8.324344389705901222e+02
8.320857842203475911e+02
8.339089132393797854e+02
8.333894134847412261e+02
8.335034232295803349e+02
8.335954163666322074e+02
8.327798410235149049e+02
8.322900583950697637e+02
8.335974666482048860e+02
8.393409636902781585e+02
8.362217069465913255e+02
8.357229887206142394e+02
8.354518330178908627e+02
8.354943219041100519e+02
8.352619917929558824e+02
8.332605948563630136e+02
8.343662095470530176e+02
8.352675454644662523e+02
8.356084538548833507e+02
8.353829847951507190e+02
8.363531602902056648e+02
8.357101507314639548e+02
8.353189107629839327e+02
8.353476246688251194e+02
8.352033670973911512e+02
8.348733993856376401e+02
8.346123029209568358e+02
8.340927597661063828e+02
8.345072324529008938e+02
8.337018781503627451e+02
8.344421063126328590e+02
8.348711236729901657e+02
8.343362614157134658e+02
8.326109895497946809e+02
8.330701636773937935e+02
8.340477915620782596e+02
8.356268181494208420e+02
8.332480250138543170e+02
8.338697323084650179e+02
8.328452056370289256e+02
8.333226263908283045e+02
8.323840845184893169e+02
8.325737360097854207e+02
8.322526313041705635e+02
8.326544753434487802e+02
8.333178722443024071e+02
8.323509391856046022e+02
8.347079270451312141e+02
8.360240111117128663e+02
8.363301567511703070e+02
8.357219458522170044e+02
8.357582351257848359e+02
8.353231950290501118e+02
8.355913865073531497e+02
8.356892464341735831e+02
8.352468189791828763e+02
8.345480321503929417e+02
8.351710623795482888e+02
8.347761905286988622e+02
8.345842472271782526e+02
8.349354923704534031e+02
8.344691622929015011e+02
8.352092826301759487e+02
8.360078100686506559e+02
8.340405584648251534e+02
8.342923788203382855e+02
8.347226281475697078e+02
8.349342092344853654e+02
8.343157504617395261e+02
8.357815598805768786e+02
8.353682128745218733e+02
8.353171956972131511e+02
8.348415798341046639e+02
8.359552304214745391e+02
8.357537399412326522e+02
8.352368249036899215e+02
8.345743636049260203e+02
8.358630546692512553e+02
8.351706053917735062e+02
8.343754334824581065e+02
8.341299502047938859e+02
8.346726367712232104e+02
8.346149337108791997e+02
8.359453950502715998e+02
8.373300692474750804e+02
8.357020222513742738e+02
8.353071577748600021e+02
8.350628454027662428e+02
8.357602276854428283e+02
8.352030232846736908e+02
8.350869966477225717e+02
8.350399536464082075e+02
8.346757950135770443e+02
8.358121005071432137e+02
8.355270683730442443e+02
8.349281908353825656e+02
8.349124065834045041e+02
8.343703977188341696e+02
8.344923451708734774e+02
8.351568948376115031e+02
8.349820582591313496e+02
8.335367440095803886e+02
8.346181968978588657e+02
8.356817649411881348e+02
8.352707032871098818e+02
8.357245583290866762e+02
8.358846634186031679e+02
8.348966449720890068e+02
8.343977919501199949e+02
8.347262992808981608e+02
8.356511518946620072e+02
8.378290031687268993e+02
8.355813702321698884e+02
8.351596773594161505e+02
8.348995554958347611e+02
8.352519314424047252e+02
8.340379704351378223e+02
8.334950234182178974e+02
8.335529564843811841e+02
8.356923873929553110e+02
8.334778355327873669e+02
8.347930792282458015e+02
8.337145766310815134e+02
8.340465554555631797e+02
8.333827878242921088e+02
8.369569816824821373e+02
8.355414346634532876e+02
8.351835521723161264e+02
8.362035264174787699e+02
8.354786202303960181e+02
8.346514398316097640e+02
8.359224099327090016e+02
8.352289131489353622e+02
8.352675796409998838e+02
8.356974703689053285e+02
8.349069023420682925e+02
8.350731404460264002e+02
8.348740140924686557e+02
8.356136036954538895e+02
8.351662199459618705e+02
8.354746799184149495e+02
8.341285710457079858e+02
8.357978586861161148e+02
8.356664879755380753e+02
8.353632760871166738e+02
8.356361523514157170e+02
8.354944409057497978e+02
8.354412363492619988e+02
8.356342997627579052e+02
8.358678435543903333e+02
8.349970341277009993e+02
8.352792506704704465e+02
8.348539024670344588e+02
8.349412503857868160e+02
8.352172924101282661e+02
8.351770228226405379e+02
8.356609549422063310e+02
8.357414933672737334e+02
8.357435752631006380e+02
8.348638730117664863e+02
8.345095001653469353e+02
8.342276473761237412e+02
8.354267986531563110e+02
8.355768669038167218e+02
8.354502398394891998e+02
8.353408167631594097e+02
8.355584166676578661e+02
8.349873082643234738e+02
8.349676355224735289e+02
8.342723063727629551e+02
8.348888092520031705e+02
8.354048622974528371e+02
8.361038616068731244e+02
8.355459667260424794e+02
8.352493425234449660e+02
8.354458256411841148e+02
8.354561576915834848e+02
8.347275901689141619e+02
8.347738485610077532e+02
8.347120240031619005e+02
8.349256892085847994e+02
8.350455100452351189e+02
8.340578695352558043e+02
8.345982210461471595e+02
8.351851803491173314e+02
8.348893145092077930e+02
8.349053504826536027e+02
8.348549728134365751e+02
8.348179701659300918e+02
8.346500121738656617e+02
8.345156417626290022e+02
8.344522292206310112e+02
8.339041666257775205e+02
8.344225269469766317e+02
8.333319435971174016e+02
8.338100126886845374e+02
8.335916008661272372e+02
8.354445823343154416e+02
8.338800463872206592e+02
8.357955331328975035e+02
8.354826903135674456e+02
8.343204931164476648e+02
8.377412919304069874e+02
8.351976666342432054e+02
8.355982322111233316e+02
8.355412012944174194e+02
8.349323774688297135e+02
8.353602941522972287e+02
8.351109283487400035e+02
8.352806991486335164e+02
8.341648773281782496e+02
8.343446506079075107e+02
8.336010289985053987e+02
8.339147257912763962e+02
8.341510056021429591e+02
8.333681564702704918e+02
8.340362275881376490e+02
8.332882026480510831e+02
8.331023891410210354e+02
8.345488030025207991e+02
8.350751859127140051e+02
8.336510827726034449e+02
8.333154958844852445e+02
8.323502762919151792e+02
8.339603092583458874e+02
8.340648907476087288e+02
8.320323766769560052e+02
8.336860216764276856e+02
8.349765446321371201e+02
8.338958905253138028e+02
8.344857257533432175e+02
8.338759318492287775e+02
8.331132819084099310e+02
8.332276948371304570e+02
8.344606184794936325e+02
8.339389537043060727e+02
8.339354599823050194e+02
8.355023114991568036e+02
8.355269690227853516e+02
8.351898358826050526e+02
8.341077282304506753e+02
8.337956811855985961e+02
8.338470910820969948e+02
8.332387673408671844e+02
8.361694383325476565e+02
8.346773916806428133e+02
8.341482869407408316e+02
8.337057164758971339e+02
8.338973930108378454e+02
8.337401742865770302e+02
8.339950233138043814e+02
8.342522545278704911e+02
8.346239284617686280e+02
8.347927686835832901e+02
8.346760461523003869e+02
8.342323338276584082e+02
8.342103632094408567e+02
8.346010294424299900e+02
8.340396788241517925e+02
8.362672444010188428e+02
8.352862880611089622e+02
8.362861933008820188e+02
8.351892336614183705e+02
8.347613257135809590e+02
8.342590955543630571e+02
8.331113407967155808e+02
8.348820013382805882e+02
8.354805369440571212e+02
8.352568047867279120e+02
8.356826307502803957e+02
8.354743059391577162e+02
8.352128084294919290e+02
8.351157372378445416e+02
8.355479350961604723e+02
8.349014152157700437e+02
8.349771844599184760e+02
8.350214602322018891e+02
8.351199519064909964e+02
8.347682412151282279e+02
8.351774677451488742e+02
8.346014637897353623e+02
8.344826771145123985e+02
8.358806152843852715e+02
8.345934765506711983e+02
8.346048388807279252e+02
8.357006837707364184e+02
8.347306176719765745e+02
8.341661733171533797e+02
8.343916559501392385e+02
8.355117823369624830e+02
8.353777699248056479e+02
8.355739439013326546e+02
8.357173996775604792e+02
8.349039722495834894e+02
8.345892440020721779e+02
8.348555036906047917e+02
8.355720442602727189e+02
8.342459284590100879e+02
8.352999122949000821e+02
8.349926481247299535e+02
8.351691431717174510e+02
8.348128884543823460e+02
8.350792977763339877e+02
8.350797356906575715e+02
8.343658725540592513e+02
8.343998739810590450e+02
8.352150922535373638e+02
8.340480189099380368e+02
8.341730668404368316e+02
8.364142145545063158e+02
8.348709316427625708e+02
8.355489417012113336e+02
8.357605212096581226e+02
8.359672285920220247e+02
8.357174342444587865e+02
8.355809958805066344e+02
8.357313493971344087e+02
8.357610801323053238e+02
8.349638712354671952e+02
8.353315066399474063e+02
8.352531825104235850e+02
8.358334366128481179e+02
8.351969830231424794e+02
8.361399825868319340e+02
8.349445759806746992e+02
8.344054946134499460e+02
8.347235867170581969e+02
8.345744036931614573e+02
8.343553672356636071e+02
8.351381350489473334e+02
8.348679726922287045e+02
8.342597665417904409e+02
8.341644314717115094e+02
8.340048256886525451e+02
8.343978333167801793e+02
8.342078840209452437e+02
8.350919279695822297e+02
8.348619287014886368e+02
8.355496042793054130e+02
8.350386327969894182e+02
8.350601606413300715e+02
8.355286699218745525e+02
8.353627404090333357e+02
8.346720008543112499e+02
8.348055890418484069e+02
8.350882891465751072e+02
8.356839694099957114e+02
8.351254493065599718e+02
8.351586121434767165e+02
8.350397318875909605e+02
8.348697051949061461e+02
8.347279771059435234e+02
8.343696849308556693e+02
8.343497055968409768e+02
8.342637781668454409e+02
8.342186246747502310e+02
8.330746504144461824e+02
8.325114887652672451e+02
8.348174006013234703e+02
8.333164973774713644e+02
8.360971565281199673e+02
8.353519317871135854e+02
8.352003993604262178e+02
8.350654521262413255e+02
8.350185780849940329e+02
8.349799472960239655e+02
8.351639100413523238e+02
8.354673994735480846e+02
8.348649863775046924e+02
8.346425006448836257e+02
8.350138631285396968e+02
8.349895017597261813e+02
8.346501700557100776e+02
8.348351439888641607e+02
8.342267144588086012e+02
8.349557203186219567e+02
8.350964940717127547e+02
8.353225511028870187e+02
8.348768264781507469e+02
8.340489076725998530e+02
