8.108835301429454603e+02
8.097705152977327998e+02
8.090261993519259249e+02
8.083552415471453969e+02
8.074612786841561274e+02
8.066755371575226263e+02
8.063421324525942282e+02
8.061635566303190217e+02
8.069333130839579553e+02
8.061422556744853409e+02
8.059243881253279369e+02
8.057288376436972612e+02
8.058440710843874513e+02
8.058561900578931727e+02
8.053915853410396721e+02
8.054687629956049477e+02
8.052931883129871267e+02
8.048543946840361514e+02
8.048667267679043107e+02
8.046358916871249676e+02
8.045485408110720300e+02
8.047071067278255896e+02
8.044347827046547081e+02
8.043365291063937548e+02
8.044689497159056373e+02
8.041805784027883419e+02
8.044897601911270613e+02
8.042986015903078396e+02
8.039971910088833056e+02
8.040496751496322076e+02
8.041280138746676585e+02
8.039986101242379846e+02
8.040035000656960165e+02
8.039244016243391115e+02
8.037279075454428039e+02
8.036883335763869809e+02
8.039196240371971953e+02
8.036935776026989515e+02
8.036268727974789954e+02
8.036021693065797535e+02
8.035986679937725512e+02
8.036299482681349673e+02
8.038343503644584871e+02
8.035311107277553901e+02
8.034416511773290495e+02
8.034845810285681864e+02
8.034956124669538440e+02
8.033363637747243047e+02
8.033895632441349335e+02
8.033524917052391174e+02
8.033012119524602213e+02
8.032766357667674129e+02
8.033481137252781537e+02
8.032581748503419021e+02
8.031920645240483054e+02
8.032941617860089991e+02
8.031597383623802671e+02
8.030835238820960740e+02
8.031660829492897165e+02
8.031154958566404503e+02
8.030563470717203245e+02
8.030503229043393958e+02
8.032360809744458265e+02
8.030279179683113853e+02
8.030754218301472065e+02
8.030479892569699132e+02
8.031401990991225830e+02
8.031511823723338921e+02
8.031040281474695348e+02
8.030566647386810928e+02
8.029774820238510529e+02
8.030960387736382700e+02
8.030480289232899622e+02
8.030027539438374333e+02
8.030288295412154866e+02
8.029363849519066889e+02
8.029432953372070187e+02
8.029213752767668666e+02
8.029026862775098152e+02
8.028956418844677501e+02
8.028953837012994654e+02
8.030182133291514219e+02
8.028796530500809467e+02
8.029825396565544224e+02
8.029354671361627425e+02
8.028477704836723206e+02
8.030355537561348456e+02
8.028166058785194537e+02
8.027869378110077605e+02
8.028614547785617788e+02
8.028814148987678436e+02
8.028308857033064214e+02
8.028102747102724379e+02
8.029369952150286736e+02
8.029795646988610542e+02
8.029088367303693303e+02
8.028043719281547510e+02
8.028370656123437357e+02
8.028634508749786391e+02
8.028127287236779921e+02
