8.107921842141253137e+02
8.093803498190388837e+02
8.087241822298404941e+02
8.088029899982349207e+02
8.083147550220337507e+02
8.080032041118532788e+02
8.076112462864169856e+02
8.081127861293279011e+02
8.077127048620637879e+02
8.078703881356653937e+02
8.067977577872434267e+02
8.073034262391474840e+02
8.068896398679968343e+02
8.066967589811615653e+02
8.063309233759371182e+02
8.061181379140548415e+02
8.057011173685556287e+02
8.055687551438668379e+02
8.052688289799568793e+02
8.052049697954207659e+02
8.050501185991923876e+02
8.054622458373811469e+02
8.055666104103174803e+02
8.056289756608036896e+02
8.054823886860724542e+02
8.053314703316340228e+02
8.053069049741651497e+02
8.049807482122812416e+02
8.048376394618162522e+02
8.049413084708646693e+02
8.045198405209647490e+02
8.043576781138917795e+02
8.044823031572027503e+02
8.043363001361700526e+02
8.042505960821894178e+02
8.041209177038509779e+02
8.042195243104799829e+02
8.039371502883732319e+02
8.039124097331023222e+02
8.038769671011646096e+02
8.046201759908910844e+02
8.042715931719274067e+02
8.038535654473135992e+02
8.037601204145488509e+02
8.049534358656350150e+02
8.045945215074801808e+02
8.044332195808232200e+02
8.039971186360168076e+02
8.043259901780423888e+02
8.040837147045740494e+02
8.041854287141336499e+02
8.041328279970670110e+02
8.041525658437244601e+02
8.040287526855245233e+02
8.037263746742721651e+02
8.037973749298637358e+02
8.039837940296439456e+02
8.039469980357109762e+02
8.037752344460349150e+02
8.037307603599784898e+02
8.036155511158747231e+02
8.038031746310375638e+02
8.035364807350384808e+02
8.036096776170516023e+02
8.034164046628470714e+02
8.034677163539805633e+02
8.035539127933564032e+02
8.035882405740788954e+02
8.034443932688566292e+02
8.034969845547007026e+02
8.032526702236665415e+02
8.033380174365175890e+02
8.032857223562193667e+02
8.033523720683143665e+02
8.032154267567543684e+02
8.032289991234868012e+02
8.031842569796157250e+02
8.031923664004524426e+02
8.031688055695684625e+02
8.030718611883930862e+02
8.030695626282589501e+02
8.030989787633759533e+02
8.030650180633057289e+02
8.030476732104314124e+02
8.030431417359636725e+02
8.029648767878512672e+02
8.029613060294386742e+02
8.029803171950514979e+02
8.029836174801062043e+02
8.028733855700559161e+02
8.028794406362246718e+02
8.030102746021705116e+02
8.029787075307026498e+02
8.028849344680718332e+02
8.029353376552375039e+02
8.028979004875159262e+02
8.028395044892446322e+02
8.028346962893979253e+02
8.028474189738901714e+02
8.027615153676531463e+02
