5.270359844312071829e+00
3.332889330394566141e+00
3.017226815182715516e+00
2.867874544937163428e+00
2.803477086324244638e+00
2.733700086105614879e+00
2.708063601010478827e+00
2.695177375134080844e+00
2.670451819497160706e+00
2.654899071226827889e+00
2.612746552251279386e+00
2.614677003620192508e+00
2.579915109023917630e+00
2.558998148586601129e+00
2.509350095700472405e+00
2.454238453562371358e+00
2.068527110618539222e+00
1.449076173796318479e+00
7.038541441066190618e-01
2.966307479334063801e-01
3.678457968728616745e-01
1.544051076711621118e-01
1.194084062661277118e-01
1.258535874508088515e-01
1.277008295067353083e-01
9.085343611380085338e-02
1.128562737840693442e-01
1.060995695232413716e-01
1.176389439313206831e-01
7.773440716858022459e-02
1.184027137622470083e-01
1.012392417042283360e-01
1.085367451058700666e-01
1.006023433880181978e-01
9.343567654362414099e-02
8.862871132860891676e-02
9.004097769188229572e-02
6.855434439610690045e-02
9.075122115470003747e-02
6.438967091473750404e-02
5.787654607830336473e-02
9.800544483674457352e-02
7.951796055841259259e-02
7.785691570350899982e-02
7.401050459552789562e-02
6.410006187274121248e-02
8.274603483459214148e-02
6.725897313660243737e-02
5.688688880024710820e-02
4.963572537217987579e-02
6.984397641971008819e-02
6.225412975152721379e-02
5.026263163285329960e-02
6.610049559222534732e-02
5.630870881699957115e-02
5.632474522595293936e-02
5.535303226509131341e-02
5.275581440297537339e-02
5.532782204914837854e-02
5.164092076552333210e-02
5.060124198254197653e-02
5.307551861429237600e-02
4.287995782081270579e-02
4.735629128140862731e-02
4.402633351806434919e-02
4.381959057447966377e-02
5.070892617988283918e-02
4.075061838168766992e-02
3.139369088095554650e-02
5.026933123325579705e-02
4.225796199380420226e-02
3.727055339446815052e-02
3.960859944680123618e-02
4.440523831345490058e-02
3.881648413519724061e-02
3.654956827347632248e-02
4.240943123839679280e-02
3.557739788485923815e-02
2.946860265784198574e-02
3.170045057754032614e-02
3.380040587476105390e-02
4.043396774181746978e-02
3.740277555526699826e-02
3.006098723143804663e-02
2.679069289882318045e-02
2.659490997722605346e-02
3.874900995779898688e-02
3.887774675019318310e-02
2.917653725649870314e-02
3.379789278442331402e-02
3.281916228927730245e-02
3.985623277553531491e-02
2.849933765776222622e-02
2.958979548174829610e-02
3.247237695562944088e-02
2.881807816751825319e-02
2.674259728231118127e-02
3.023594952265557315e-02
2.765056990325683722e-02
2.959389144752640199e-02
2.654520354865235257e-02
2.465526557819976150e-02
1.787755342786840479e-02
3.051107447379036025e-02
1.613913287242758204e-02
2.943151565807056516e-02
2.764192216949595479e-02
2.906000906955159835e-02
2.754302646522410053e-02
2.178331307681219062e-02
2.930976381732034591e-02
1.902145739079423928e-02
2.298330823486321658e-02
2.640474026577430827e-02
2.358451581418921639e-02
1.942716505440330449e-02
3.439716811797552398e-02
1.888128617919573871e-02
2.244206837954697970e-02
2.784383944461296667e-02
1.441712098757852792e-02
3.322025760065298872e-02
1.327026127313729424e-02
2.473952364754222755e-02
2.529686677865538441e-02
1.782853695015364920e-02
2.215140929119661581e-02
2.084028371368913321e-02
2.305457010409736607e-02
1.777130834027775691e-02
1.953718149004271196e-02
2.383032739841291908e-02
1.671713825299230016e-02
2.177468888375733505e-02
1.689305625447013945e-02
2.565416210010880438e-02
1.645193263891997146e-02
2.345298594045016130e-02
1.510848832003830466e-02
2.764174620211269987e-02
1.353732846752245603e-02
1.999894469032733463e-02
2.224782823459827211e-02
1.438692834583344023e-02
2.027765689697844098e-02
1.095662983100919446e-02
1.947773285682342231e-02
2.503613116309861761e-02
1.288304868798877643e-02
1.535617077671122370e-02
1.821433585400518418e-02
1.840155096851958660e-02
1.209896721002587557e-02
2.773420117340720178e-02
1.352786879775521797e-02
1.728367921963217674e-02
1.572596456676546989e-02
1.148831899558717777e-02
1.688968615866542552e-02
2.435863943405274651e-02
9.672414388041943034e-03
1.585789104705327343e-02
1.560236180482024726e-02
1.375904893640108630e-02
2.075016044980293461e-02
1.107059273250342833e-02
1.432777568314486452e-02
1.471750937621254737e-02
1.327191812605451639e-02
2.502734094383777044e-02
7.612592527133529158e-03
1.884674148801422991e-02
1.037588638511806501e-02
1.834925793779984896e-02
1.033459715917706481e-02
1.699586259813804651e-02
7.932998503696581105e-03
1.558625990177824917e-02
1.036293007928179577e-02
1.420439574022020618e-02
1.488776801697531439e-02
1.230814407079014981e-02
1.416091247419535605e-02
1.712836020767281170e-02
9.722622245390085197e-03
1.632149703825416451e-02
8.531368169664347786e-03
2.164731293038494112e-02
9.573341883369721958e-03
1.081766194263764254e-02
1.386696012416359716e-02
8.021313788580300419e-03
1.494901591097004719e-02
2.332172285796696096e-02
5.112502856893116031e-03
9.394576936567318459e-03
1.909677824469690685e-02
9.518271734661538225e-03
8.047431449849682533e-03
1.125942014650354456e-02
1.205601132117590200e-02
1.312959789817250492e-02
6.935400961134291498e-03
1.354803824721966497e-02
1.349520008622494098e-02
6.715532790378347591e-03
1.631530927463609171e-02
1.573124686000665004e-02
7.757959971553645730e-03
9.292833439856621955e-03
1.805259094489156113e-02
6.025245810822525694e-03
1.054895281403878463e-02
1.155493003184528827e-02
6.834506059960403571e-03
8.460755654043168941e-03
1.219946861621428943e-02
6.501564546804729575e-03
1.497345564252464123e-02
1.395539956510037823e-02
6.877385413252340950e-03
1.618920528081798857e-02
1.303754269823548424e-02
9.521897400358284372e-03
1.175505327783321272e-02
5.955538468893791654e-03
2.215386239605868571e-02
1.137558630156127078e-02
8.909297401954972828e-03
8.143330634629819889e-03
1.722517355972377068e-02
1.017657789006625596e-02
1.062400536406130427e-02
8.049228031632082656e-03
1.440961408330258646e-02
1.024772447419673022e-02
7.344848757129512039e-03
1.010593534482177348e-02
1.200871894402371319e-02
1.217467449407195167e-02
6.134841892115218756e-03
1.293121499858534626e-02
4.204712532111443656e-03
1.455485046222020247e-02
6.411381127960339224e-03
1.288914338373433645e-02
5.643455567638739311e-03
6.994757435037171969e-03
1.349531670621581698e-02
4.255530084286874778e-03
1.234182176123431451e-02
6.278835024189902657e-03
2.281003764102570303e-02
3.924479195302410343e-03
1.756678636896503998e-02
7.316550678602653027e-03
1.189430742312106229e-02
1.023351586909120731e-02
1.652532443132076825e-02
4.614953718668403197e-03
1.599251398140040525e-02
5.584746043088671327e-03
9.023601597611560082e-03
1.445322107089305058e-02
1.121343708395943460e-02
7.106360541427421060e-03
1.383142376002069809e-02
1.148253854286849715e-02
4.386073693065554481e-03
1.665882866086758340e-02
3.527711660728528095e-03
1.286927346162701664e-02
1.731520640705639519e-02
4.070103200447192961e-03
1.150012901786249056e-02
1.466812219554412822e-02
2.954038806521566522e-03
1.651899978219080467e-02
9.052928764078387383e-03
8.132401437982481052e-03
1.118407747777382631e-02
3.598654770888970022e-03
1.290903904015431106e-02
6.537304113488062556e-03
1.488722541898823692e-02
4.696096622341428689e-03
9.621976630653079204e-03
4.382758637122606028e-03
2.197025405028034742e-02
4.238263417417328927e-03
5.843532519716972823e-03
1.591092079323061514e-02
9.144443398690782140e-03
1.016398246258904715e-02
5.457343527741614214e-03
8.190300018439301485e-03
1.482383773675974292e-02
4.349806858350348596e-03
1.451775709171488488e-02
5.977437363442732014e-03
