3.634946466675489152e+00
1.150609209347654538e+00
1.138402231463496450e-01
7.297449294615093729e-02
5.854021504405096388e-02
4.964205620223304666e-02
4.264409551914669083e-02
3.870254288812566973e-02
4.357195753463993099e-02
3.643344404912710055e-02
3.857362195170722929e-02
3.486509714831335233e-02
3.308538892246384172e-02
2.724426660159389932e-02
2.628180657781398200e-02
2.656887638584687003e-02
2.609142844521734200e-02
2.477098739502383087e-02
2.307282017178980196e-02
2.491966591669374925e-02
2.131114898182133455e-02
2.105855981808830990e-02
2.186617095684915274e-02
1.873486943189358808e-02
1.773040850397970131e-02
1.808942101227230259e-02
1.718758468154806332e-02
1.672488043888657044e-02
1.546838344168835651e-02
1.626709001726493395e-02
1.387710507640054283e-02
1.446156867449003951e-02
1.409928013708407028e-02
1.366419162433159078e-02
1.313754348646032147e-02
1.368133585831165198e-02
1.362246884374608037e-02
1.301674912783208106e-02
1.199832345608748720e-02
1.256054119538658857e-02
1.176939329305643281e-02
1.239594251069467933e-02
1.097644816726577564e-02
1.202134994523313717e-02
1.152842605972267953e-02
1.218718059033182047e-02
9.867475463623761461e-03
1.173755608640210737e-02
1.073379413567225778e-02
9.569036978836289314e-03
1.022575538379678385e-02
9.598527741976435948e-03
1.093677711000580477e-02
9.381268962989871771e-03
9.693832275676467214e-03
1.067654581814170625e-02
9.698346845536947800e-03
9.494850661468859712e-03
8.357781598453892236e-03
8.507807367820235250e-03
9.250755837042974258e-03
8.424508367602947037e-03
8.485351862794367553e-03
8.061793941548900735e-03
7.734725246528831658e-03
8.012349936597298189e-03
9.171104924005307399e-03
8.229623818819718772e-03
8.720613332966481099e-03
8.542446704966137963e-03
7.869248743413043493e-03
7.734477586592521103e-03
8.240646168864607102e-03
6.481507941470072975e-03
8.183810249114650479e-03
7.826650537830508528e-03
7.352671043967327034e-03
7.118889472853761995e-03
7.102279594232714655e-03
7.900568231632066132e-03
6.625824077212292759e-03
6.867925886415628817e-03
7.113621178102041455e-03
6.692869895746239063e-03
7.286604948756963095e-03
6.335951792480400135e-03
6.320572735408968960e-03
5.740366279806128139e-03
6.816974404723372821e-03
6.226524283632316192e-03
5.725520065561205338e-03
5.943077358783621471e-03
5.896390504854512847e-03
5.598980214559359792e-03
5.583196383833103661e-03
5.697288217675860848e-03
6.567227848865496258e-03
6.326701729236659452e-03
5.121191499081054893e-03
6.606265508899958686e-03
5.688157474619860016e-03
5.339681415266154564e-03
5.808332398171106581e-03
5.304613209309773196e-03
5.586652733566924330e-03
5.452619645644937382e-03
5.569616009292704950e-03
5.246755782498988864e-03
4.919983209620423618e-03
5.398946476537441405e-03
5.684704209339135929e-03
5.736547930435368335e-03
5.542787285894031947e-03
5.339806043051903081e-03
5.857721053824254710e-03
4.987027312238695616e-03
5.210707905044719042e-03
4.947307074536632689e-03
5.384752859926377963e-03
5.088457384549906898e-03
4.670337392085442338e-03
5.419930989327375118e-03
4.398126863278563684e-03
5.414581295022789960e-03
4.906668298789267947e-03
4.784874492690074227e-03
4.390272729988386330e-03
4.822247388588054087e-03
4.943491162625330247e-03
4.823121300358454780e-03
4.798641906043931045e-03
4.672506516692058812e-03
4.587102149569150487e-03
5.079619623149096187e-03
4.061143049569834913e-03
4.746306299171490148e-03
4.399319483166454388e-03
4.710801566963632864e-03
4.431080686271189617e-03
4.521248195412785192e-03
4.255118690678075070e-03
4.141537808779530150e-03
4.037935850751504276e-03
4.515737971461204585e-03
3.902460414282840628e-03
4.700913987007340582e-03
4.398584286750800709e-03
3.985823772559534892e-03
4.459722800494584846e-03
4.346620686497253833e-03
3.715489331894475649e-03
3.587143757091449964e-03
4.150214470691728809e-03
4.390825918947753072e-03
3.478302878755221757e-03
3.751569961830729816e-03
4.452673573156444055e-03
4.164976501565936275e-03
3.525439678087747847e-03
3.909126545979998806e-03
4.062505962857009510e-03
3.784579271980389754e-03
4.108069421367754707e-03
3.880049744985293071e-03
3.447074350441573388e-03
3.871203036094829526e-03
4.069535389074407233e-03
3.605970944496131054e-03
3.702143642729464456e-03
3.834028204650692835e-03
3.959271009174974466e-03
3.878968671463335020e-03
3.739754056804575882e-03
4.212862627381414558e-03
3.292603507711594837e-03
3.817148613901966397e-03
3.550362500898363634e-03
3.446709567956443218e-03
3.783302567194516287e-03
3.597774187791107515e-03
3.477473776245515371e-03
3.451944477223957159e-03
3.805451381231841294e-03
3.231035729421108307e-03
3.537424610117112164e-03
3.784033106681521270e-03
3.479917124827445595e-03
3.489666427613867267e-03
3.919769636752704414e-03
3.206105450974799497e-03
3.032617258362883209e-03
3.293038003729680495e-03
3.037666508705880002e-03
3.679287660897249089e-03
3.370119154873413986e-03
4.088661043556865091e-03
2.964527185504827432e-03
3.333127194595106053e-03
3.116841022646751631e-03
3.646088710891124199e-03
3.140575856911573868e-03
3.422002120917209782e-03
3.099859228937356867e-03
3.285673540180748461e-03
3.530909303182480467e-03
3.118982933394057969e-03
2.906328055744863709e-03
3.923254422547442499e-03
3.205053224798410164e-03
3.189693574956049306e-03
3.772682247567634220e-03
2.820853733991883668e-03
3.265280965952750258e-03
3.175602742178863531e-03
3.829120375325945329e-03
2.802971692961389247e-03
3.094566943918362727e-03
3.054314839017012798e-03
3.518661026547150079e-03
3.087385717251052604e-03
2.789911159238771428e-03
3.255424584171560769e-03
3.149962664841191723e-03
2.932836886537280082e-03
3.176011646417655366e-03
2.956025570281230370e-03
2.893566858590430717e-03
3.389519048261441844e-03
3.034208692248704150e-03
3.071698431904925329e-03
3.017757058259277862e-03
3.349719226298327867e-03
2.764443823795031865e-03
3.219270127911389150e-03
2.634619109666790342e-03
3.284208356364073933e-03
2.584596616239641983e-03
2.822197193195877512e-03
2.854454786104240489e-03
2.984199222655757426e-03
2.770251438437594006e-03
2.835468449653525628e-03
2.778932601265958046e-03
3.575838574435549495e-03
2.846899809025462032e-03
3.196192003748784313e-03
3.050932744656620343e-03
2.783989721123333958e-03
2.574765691922375425e-03
3.497144992794146146e-03
2.702926531521389862e-03
2.885442670123279131e-03
2.787866134431221318e-03
2.731750783037346138e-03
2.667382396336466944e-03
2.674237786288222781e-03
2.809460433632557982e-03
2.509050988545160309e-03
3.118918989075750159e-03
2.837954857025397869e-03
2.762305902308618503e-03
2.825079050492238300e-03
3.384619320185267358e-03
2.083819267229257161e-03
2.646722344865989722e-03
2.814568853356245841e-03
2.671540001553130480e-03
2.618192861715132498e-03
3.050702836701136081e-03
2.738346894613801451e-03
2.385951989838444587e-03
2.532518097431030787e-03
2.400846364349238163e-03
2.378255158050492091e-03
2.778018248335087457e-03
2.192907752356706031e-03
2.643579635516574329e-03
2.366589544367114425e-03
2.577956162482465587e-03
2.820047000707194725e-03
2.463594620774177662e-03
3.247829680252673889e-03
2.333445900611074396e-03
2.609989376703954547e-03
2.495753733083166080e-03
2.215907100555988048e-03
2.874827919652846436e-03
2.307858044525764457e-03
2.496461388666198350e-03
3.161287237608726569e-03
2.407463434709539076e-03
2.642026625737016465e-03
2.228854622615386496e-03
2.443475549496037721e-03
2.539746977079792353e-03
2.224453074586637148e-03
2.453463204025419734e-03
2.476285355780379494e-03
2.486715525607471194e-03
2.266323611242337336e-03
2.186007499178257985e-03
2.419824370211070674e-03
2.130599173508006521e-03
2.406449321641870864e-03
2.044666984722703224e-03
2.465392473509781142e-03
2.699892545939187264e-03
2.711220111998847125e-03
1.905514719580155090e-03
2.292694720413517972e-03
2.686433484600951171e-03
2.489887162080070809e-03
1.810158852326519338e-03
2.281142354664876352e-03
2.433748225977429812e-03
2.277998111995242336e-03
2.550918258220593021e-03
2.152556987264181779e-03
2.516972681783022966e-03
2.032192130196354939e-03
2.535485048896701440e-03
2.109515826086811111e-03
2.362280086617940273e-03
1.893956405696299496e-03
2.322265465699083903e-03
2.259230611544607581e-03
2.371424662772579454e-03
2.033063600352652892e-03
2.147083632667478020e-03
2.175713398302320072e-03
2.086725758820614628e-03
2.664537901231299466e-03
1.760244191852327212e-03
2.156256354579541568e-03
2.267789507864411205e-03
2.142122540500697794e-03
2.037427917430774220e-03
1.903195817195548964e-03
2.390150203856970107e-03
2.481474107269549152e-03
2.704741874683162361e-03
2.037420605321852828e-03
2.628783594409491668e-03
2.104649868181204114e-03
1.889471313290500085e-03
2.315757806084550990e-03
1.991406210064279158e-03
1.904714873234808308e-03
1.980447736142113176e-03
2.264224767079534885e-03
2.208707171495116143e-03
2.047651794428374805e-03
1.825575234328006505e-03
2.279348215877463960e-03
2.303508816532533979e-03
2.223785636854702912e-03
1.939444671957549519e-03
1.877418058261975378e-03
2.498792528913268331e-03
1.866211769989920347e-03
2.319973786491771797e-03
2.436138014630642636e-03
1.805572844840260330e-03
2.152147877974106265e-03
2.575877872437239927e-03
2.144178257370964007e-03
1.901179296126727326e-03
2.824144377748672406e-03
2.043125344455022901e-03
2.004378741583300646e-03
2.087526143145365491e-03
2.271111665653587942e-03
2.020551153402839247e-03
1.875266890580517968e-03
2.067612548654625560e-03
2.542177651951145045e-03
1.696101183711753264e-03
1.962973200824117553e-03
1.838680442797642825e-03
1.981089282824765891e-03
1.737817813417354531e-03
2.224194963379193778e-03
1.555382913502099821e-03
2.514498776816426282e-03
1.382905602952731608e-03
2.111985226856565468e-03
1.700825132903400734e-03
1.634323989696193948e-03
2.089932423828876583e-03
2.664883515309539232e-03
1.386592199928223575e-03
1.645239052691835433e-03
1.986167486243382418e-03
1.647000465192482218e-03
1.964321218477844532e-03
1.479075909559566821e-03
2.086888338160550194e-03
1.700885439626040937e-03
1.584283866655951346e-03
1.540895887694622912e-03
1.833477837770012457e-03
2.098468917619786614e-03
1.690820204931082734e-03
1.641769777350716953e-03
2.381708555395918667e-03
1.825658464776663522e-03
1.683989922767267864e-03
1.762227538531345060e-03
1.713984735300829116e-03
1.529031165193385370e-03
1.788993588253230205e-03
1.647475048782455747e-03
1.684930452028667166e-03
1.702596706745414593e-03
2.766846002805452374e-03
1.556288666672597625e-03
2.076580926760443740e-03
1.520856042072521149e-03
2.557352867663430836e-03
2.045349225351462009e-03
1.752294174472056321e-03
2.108952352762707375e-03
1.801344128032384036e-03
2.051418753352281330e-03
1.758157963917471442e-03
1.955072769367300744e-03
2.012687848372030595e-03
1.690309397402466919e-03
1.926277054482849766e-03
1.552553670716005658e-03
1.546438859200251334e-03
1.722790572689692195e-03
2.237632015651575337e-03
1.551362969009468509e-03
1.622218683334774756e-03
1.822895697417221787e-03
1.425957472281720291e-03
2.000027522487745051e-03
2.000653930415063377e-03
1.979726394824607265e-03
1.369258942756973766e-03
1.945421100747281307e-03
1.535881253703108443e-03
1.884852860927279999e-03
2.440796710844550174e-03
1.375400468773492610e-03
1.486578784363688918e-03
1.672554811135414186e-03
1.613570679780202549e-03
1.545520881302641421e-03
1.892972514527058040e-03
1.513101255604460543e-03
1.830711335637387298e-03
1.442718179711326718e-03
1.562110741236789413e-03
1.519705721173230393e-03
1.779141439935675055e-03
1.971221935997446648e-03
1.752138209710465879e-03
1.459678090715480978e-03
2.144457333083967313e-03
1.506522707138451683e-03
1.810456098424453918e-03
1.952008254258901128e-03
1.342547287779358644e-03
1.818624596660504012e-03
1.604229471192260758e-03
1.541929136299567162e-03
2.143923857836867349e-03
1.301978248867059849e-03
1.628645078024636627e-03
1.905823612790893615e-03
1.497656613784061324e-03
1.774268557075766662e-03
1.562822319151649288e-03
1.579052544911143611e-03
1.722947386243857274e-03
1.872711179397517234e-03
1.451626018433653173e-03
2.027713520827969726e-03
1.129229958088821210e-03
1.589558007173609826e-03
1.775885043210832532e-03
2.547622406639375638e-03
1.784343976485995228e-03
1.297156068170727140e-03
2.168053048373563482e-03
1.454840984970707206e-03
1.733740592017027305e-03
2.017640867704657923e-03
1.336582536638558465e-03
1.681145341559085477e-03
1.506093181213898069e-03
2.003532914047935140e-03
1.369980155600048063e-03
1.402426171863113821e-03
1.373540487969704274e-03
1.389171946915336098e-03
1.381508471956601879e-03
1.348065247687091611e-03
2.176317287932662183e-03
1.809499280321864032e-03
1.430676412827817587e-03
1.353009634390931132e-03
1.965613224819434506e-03
1.189350003450605946e-03
1.518346041834114143e-03
1.253832482823902901e-03
2.244321726297858737e-03
1.294947974729763768e-03
1.497940729648725893e-03
1.656994484677134323e-03
1.428792862257607888e-03
1.466242590107942959e-03
1.569758670214305802e-03
1.662419257758092697e-03
1.410450258358554977e-03
1.855612341677621282e-03
2.044796229897242936e-03
1.270025025876895175e-03
1.493279664934086442e-03
1.404804690067717760e-03
1.732167172846466692e-03
1.420435571842761351e-03
1.830304185518769012e-03
1.604827106870903046e-03
1.421643074555783417e-03
1.560517909669944170e-03
1.656830600971659351e-03
1.340378698067283591e-03
1.751846916134192859e-03
1.583272348629971181e-03
1.308865456784198125e-03
1.592884767571181885e-03
1.150651902201665086e-03
1.678714168234067723e-03
1.686336406063442938e-03
1.342920766297588803e-03
1.440861431779540385e-03
1.740265653055423495e-03
1.764531686736889532e-03
2.204816421455623506e-03
1.060004697725995060e-03
1.521796953241228529e-03
1.642845743153474721e-03
1.351016188875513993e-03
1.322443634706274487e-03
1.684933346116568569e-03
1.807830331300353107e-03
1.447310236099847835e-03
1.770952546629103643e-03
1.352048660205855705e-03
1.514215442468973966e-03
1.438757622493775637e-03
1.434423401340667722e-03
1.779507707893629616e-03
1.450491121668574671e-03
1.610983681078178957e-03
1.508390828281644088e-03
1.605063551179145183e-03
1.690617454243224793e-03
1.188621992015596786e-03
1.629523460405170711e-03
1.964469442756017550e-03
1.116390965128688647e-03
1.818305619996247579e-03
2.069275811906428567e-03
1.189874179141602647e-03
1.233001941112580073e-03
2.350063886877147134e-03
1.125611009475231249e-03
1.292676491552235312e-03
1.800331435597839116e-03
1.357905100425811726e-03
1.388529848133318893e-03
1.891874067499199358e-03
1.167274111776978344e-03
1.362643985596539032e-03
1.718175942631876589e-03
1.334944363824165908e-03
1.336622007359783990e-03
1.532496840736203040e-03
1.366315033931353061e-03
1.628184254978397739e-03
1.427308842360232310e-03
1.212475844137206717e-03
1.380561668051575198e-03
1.277294902218796416e-03
1.409977337704436872e-03
1.443107436422323741e-03
1.274426547422701948e-03
1.677956341145043617e-03
1.226100731795344958e-03
1.423815741623316077e-03
1.515890149355457461e-03
1.911988640694486713e-03
1.096034019809714270e-03
1.404687986270938349e-03
1.541789729779415507e-03
1.877795600808742195e-03
1.563192640668339050e-03
1.065085701663170178e-03
1.680645563027014042e-03
1.366758585954423256e-03
1.903878668142268415e-03
1.054111809419400582e-03
1.221082192343425112e-03
1.505543711999458118e-03
1.296376873919049232e-03
1.392793859072933692e-03
1.172802347194608699e-03
1.263023182475967333e-03
1.139957863390006227e-03
1.666234164062160936e-03
1.252543073943075897e-03
1.461448127005210125e-03
1.142111263467365237e-03
1.946970389037436721e-03
1.241013129006884614e-03
1.266018419188521616e-03
1.270451027435656960e-03
2.250352555592009200e-03
1.069766360625050211e-03
1.238432420314759157e-03
2.165888920749353859e-03
1.566726020180502508e-03
1.128749234111624256e-03
1.526462372927662407e-03
1.414196116165924912e-03
1.314475750541588142e-03
1.611829720449587744e-03
1.346387359641352827e-03
1.208915519935562346e-03
2.218127009239484904e-03
1.101312001440197261e-03
1.425023413276455680e-03
1.102252165561989645e-03
1.501939778371763623e-03
1.163245837238060599e-03
1.754545799721965232e-03
1.278453325011684591e-03
1.110691486473932340e-03
1.286513588694178454e-03
1.123345473826555885e-03
1.211105697294931945e-03
1.847484421399788260e-03
1.468429083947053347e-03
1.839597652085303613e-03
1.182900438662246251e-03
1.452406447054567029e-03
1.562236190530455395e-03
1.184313288703074023e-03
1.466161713532065144e-03
1.303011189492699713e-03
1.388889346010188739e-03
1.574118269040802225e-03
1.028566662549925369e-03
1.204493537526345106e-03
1.182950983344452194e-03
1.134200621917552101e-03
1.167617428269788690e-03
1.247096931992684472e-03
1.223525061293229002e-03
1.477657706265775523e-03
1.093337287359807172e-03
1.503263821979538596e-03
1.004461561523943992e-03
1.130259857105153122e-03
1.107422350324474992e-03
1.513822525495627002e-03
