5.045849896050989436e+00
3.317064650565385797e+00
2.981936953563243176e+00
2.817701670579612294e+00
2.741858240224420928e+00
2.715857117487117556e+00
2.695931968353688646e+00
2.683202645571902245e+00
2.643836163651198223e+00
2.636506002293899531e+00
2.630265576155856433e+00
2.643050654783845044e+00
2.550728735205717523e+00
2.453542580496519854e+00
2.165193674143403690e+00
1.625684655706398196e+00
1.022010580746457009e+00
5.397604114781133777e-01
2.869764513045083842e-01
1.667928856650832958e-01
2.002256604935973849e-01
1.410016996921040211e-01
1.363424891405738970e-01
1.871401567196007698e-01
1.533275820733979444e-01
1.120824640294304092e-01
1.585006827588658906e-01
1.224830134484218430e-01
1.196499584378907521e-01
1.433716360849794091e-01
7.370007788029034335e-02
9.717378784052561891e-02
1.322434005904360721e-01
7.796490198583341802e-02
8.378420102171367512e-02
1.144531804663711239e-01
8.575299888080917254e-02
6.577223752147984270e-02
9.880543536751065781e-02
8.015460076689487345e-02
7.337589391408255723e-02
9.450373613409465690e-02
5.831591292476514393e-02
8.337783588847377803e-02
7.039600452926242369e-02
7.149781376455212334e-02
6.725646164722275111e-02
6.372403270861833058e-02
6.367975658210343892e-02
5.804959822341333731e-02
6.084176626204862437e-02
4.715229300322244105e-02
5.836174350883811812e-02
5.478755467711016874e-02
5.671909575376776064e-02
4.897055584803456513e-02
5.356091614364413833e-02
5.225308851385489228e-02
5.019718326424481292e-02
3.738211789863998824e-02
6.114643297031580049e-02
4.691063041446614373e-02
4.497503558031167026e-02
4.722908254427602565e-02
6.260327381014940684e-02
3.612616833872744210e-02
4.794686805382662037e-02
3.611769037268822841e-02
5.103933735688042511e-02
5.120018939522560930e-02
3.470097179870935966e-02
4.152596863522194093e-02
3.796145840929238818e-02
3.647149980890389970e-02
3.744043907258310516e-02
3.466730970764183434e-02
4.291709390372852595e-02
3.656737100728787299e-02
3.422082613903330850e-02
4.026878629816928873e-02
3.108194769313558925e-02
3.669254442024975915e-02
2.944467746900045202e-02
3.160800753187504447e-02
3.734364216300309347e-02
2.408051858757971619e-02
3.602818355019553331e-02
3.191847006464377384e-02
2.429666040552547202e-02
4.117301420845614901e-02
2.103077508373826440e-02
3.736936262782546841e-02
1.512830634892452578e-02
3.953989684120461090e-02
2.548966637947887651e-02
2.768832558844587857e-02
2.632616456269170138e-02
2.950623306856141326e-02
2.971737427078187388e-02
3.134892674513684724e-02
