4.894353467464447327e+00
3.275555077854543917e+00
3.002933686446398465e+00
2.825522135207429564e+00
2.717518878737464672e+00
2.648305658296681742e+00
2.303571613231673698e+00
2.036010625835507959e+00
1.562940773027017727e+00
1.048483504941686961e+00
6.519832903947681002e-01
4.701406264817342140e-01
3.914860953753814266e-01
3.184862629473209639e-01
2.368653920902870635e-01
1.838699807380325957e-01
1.580404365858994464e-01
1.130867927307263043e-01
1.151744035237934477e-01
9.582420629449188432e-02
1.004871768197044685e-01
8.777711877482943792e-02
8.103943416033870806e-02
8.484467306779697182e-02
8.559302479203324820e-02
7.897997097473126449e-02
7.384431172686163614e-02
6.485510389145929255e-02
6.880056994315236762e-02
6.665762224793433943e-02
6.861686022474895730e-02
7.347923697123769082e-02
5.821805849252268544e-02
7.168639107083435436e-02
5.805798149452311846e-02
6.232722310826648016e-02
6.336327079450711219e-02
5.540998891659546649e-02
5.576522831455804630e-02
5.434412810706999025e-02
7.186706422286806561e-02
4.111651739809894790e-02
5.671515240881126046e-02
5.630787643534131137e-02
5.083359844668302457e-02
4.561607718991581017e-02
5.099864660436287389e-02
7.546747356100240445e-02
4.076840441083186273e-02
6.857892710430314731e-02
4.272993930961820064e-02
5.143261432758299695e-02
5.054275255097308989e-02
4.662698685430222839e-02
4.491276411688886749e-02
4.912653218931518212e-02
4.171236157859675719e-02
4.353298984922002873e-02
4.117312887695152163e-02
4.256756433210102941e-02
4.136580695037264666e-02
3.739413668034831384e-02
4.181808975810417939e-02
2.137110977477277643e-02
4.932791496178833696e-02
3.364414391972241070e-02
3.878865609350032329e-02
3.131388260447420108e-02
4.597396571852732650e-02
1.879533593609812592e-02
4.448445076894131517e-02
2.166178569261683132e-02
4.042410574739915136e-02
2.605637348609161560e-02
3.667704675631830447e-02
2.577480678141000695e-02
3.040088155938428655e-02
2.950066370874992669e-02
2.615031727467430692e-02
3.525778640902717254e-02
2.119391539937351063e-02
3.493440362636465735e-02
2.411351600248599555e-02
3.499336342696915403e-02
1.332225398081936935e-02
3.819884829854709035e-02
2.004388010126422273e-02
3.525316881193429897e-02
1.623640413652174125e-02
4.227852578074089290e-02
1.614154387719463415e-02
3.522348544036504187e-02
2.006011124729411774e-02
3.142023891083954579e-02
1.851392569710151245e-02
3.170232865735306271e-02
1.317500599095365078e-02
3.500897948411875460e-02
1.772049590725510021e-02
2.918575035510002566e-02
