4.916241605173796714e+00
3.211216934558004166e+00
2.906673702515661706e+00
2.743935402052477102e+00
2.612002946197986564e+00
2.512097862903028833e+00
2.406162010882049618e+00
2.338538742855191366e+00
2.145248811788857068e+00
1.937192088862881079e+00
1.581799283104017295e+00
8.688948649931699242e-01
3.937881807144731350e-01
2.488919746354222307e-01
1.770293142292648503e-01
1.590952904094010689e-01
1.508444421892054244e-01
1.389846755091566632e-01
1.322006151669193053e-01
1.307291539791040069e-01
1.171507414900697791e-01
1.084033990122843516e-01
1.125196545191574776e-01
1.040119593625422612e-01
1.134618537775240882e-01
8.993162867613137268e-02
1.007805202868767014e-01
8.456245601933914946e-02
9.721244583593215138e-02
1.032245079935528304e-01
6.763241532270330980e-02
8.505103806068654848e-02
4.817580153082962752e-02
9.891923165891784719e-02
7.634475815168116630e-02
6.961238312855129451e-02
6.397036689228843831e-02
6.685942918714135597e-02
6.840165320050436981e-02
5.957019869273062762e-02
6.044632157508749576e-02
6.134749688499141484e-02
6.014251709560630710e-02
5.958653461618814567e-02
5.230160028638784070e-02
4.896137418324360280e-02
6.113421633315738180e-02
4.445255012466804712e-02
5.536082673136843296e-02
3.555193979368777984e-02
6.682064760939102066e-02
4.103977545312954833e-02
4.549770000606076503e-02
5.116519537568092052e-02
4.364563889094279225e-02
4.238922456293948982e-02
4.303662169643212437e-02
4.436508894356665927e-02
4.279986709146760271e-02
4.226070621408871408e-02
3.953190203197300134e-02
4.322796494638896786e-02
3.897408399009145985e-02
4.056481368481763827e-02
4.088745534996269387e-02
3.010577644334989575e-02
2.979781471512978758e-02
3.972494346203166160e-02
3.582846850273199713e-02
3.512305078588542212e-02
3.058819289403618205e-02
3.343827323304140314e-02
3.022474537877133105e-02
3.153059588291216853e-02
3.822374821119592370e-02
2.764355374420119846e-02
3.319182692063622764e-02
2.777709521731594466e-02
3.284086881394614188e-02
2.838671619280648886e-02
2.788876888982486091e-02
3.048067464286577724e-02
2.636381185980280970e-02
2.947814277655561380e-02
2.494498922818456921e-02
2.988137692144664584e-02
2.230316907085944100e-02
3.330380311010230909e-02
2.283292274639825425e-02
2.660593945370055835e-02
2.384077740393695383e-02
2.425371369607455529e-02
3.048034045170061254e-02
1.511770673515275103e-02
2.910501003643730517e-02
1.886942270179861256e-02
2.678039181030180890e-02
1.951887484022881911e-02
2.500805966737971314e-02
2.405124968322343293e-02
3.194763031756155808e-02
1.426354610623093398e-02
3.792858670855639436e-02
1.596726705456967543e-02
3.658978739487065562e-02
1.655330252181738682e-02
2.904327362513868180e-02
1.960231064113031677e-02
2.020409245141490881e-02
1.684689980049734054e-02
2.208386972501466539e-02
1.830909208733646695e-02
3.580425478577672210e-02
1.533188529235485556e-02
3.338361910184903247e-02
9.363566612053546984e-03
1.841162952025479291e-02
2.943007309829408918e-02
1.188176486179872912e-02
1.202622335910564361e-02
3.196978824492544002e-02
1.145340619700436872e-02
2.201414302671036993e-02
2.023872791984467762e-02
1.543803720275173028e-02
1.646710383208119244e-02
1.415060259515303273e-02
2.916440722897823551e-02
1.115505386762379210e-02
1.652182348427595412e-02
2.208696856953611121e-02
1.312155906361294963e-02
2.466636423567979478e-02
1.276307115764939264e-02
2.128457474803144636e-02
2.339982823192258282e-02
6.737334803554403777e-03
2.655030301211809204e-02
4.644871247415721660e-03
2.343343094111332778e-02
1.646219019285490373e-02
2.207670119297836311e-02
9.311505013858550894e-03
2.033272264090191933e-02
1.264709592898725574e-02
1.495486572528898286e-02
2.898649705603020127e-02
8.745084407557442846e-03
2.266290156588365856e-02
1.635556007198465597e-02
1.043558505205874169e-02
2.968836108357209014e-02
5.746694687222770985e-03
2.073874865449033822e-02
7.182946504144638311e-03
1.682596507863490937e-02
1.318481622468243609e-02
1.028053450721927269e-02
1.978044135181698804e-02
1.539579187889466953e-02
2.201664793923555422e-02
6.054935368301812663e-03
1.527238737866718973e-02
2.367728821381752044e-02
7.208105664220056802e-03
1.169343365467648277e-02
1.326213940122397683e-02
2.200056731945369479e-02
9.562584908358985961e-03
1.591830456548996159e-02
1.029016185762157004e-02
1.198072518805565721e-02
1.374310605566279181e-02
2.297293525336135608e-02
8.573068111640168992e-03
1.207513105937687257e-02
2.106394711388566085e-02
1.081780387381149969e-02
1.192677727389673294e-02
1.396909799897548543e-02
1.460316351530491392e-02
9.915980462319567632e-03
8.122306271143315409e-03
1.967069866471865547e-02
6.071584897013962770e-03
3.378596349331201149e-02
8.462991130785666588e-03
5.586146468296647287e-03
1.013112255933083447e-02
1.610254297402570825e-02
1.753015770630008893e-02
6.894467461606836566e-03
1.852448755915975243e-02
6.657988304461469158e-03
1.944841576366889216e-02
6.709167573913873278e-03
1.599065790495660458e-02
1.070247321671195101e-02
1.195486309349507760e-02
1.025781478044518816e-02
1.518825244843901613e-02
1.062703017703097406e-02
1.669979587846319100e-02
6.541451922843407804e-03
1.810424354072892941e-02
7.463641037727938854e-03
1.741453517479385482e-02
5.490292246671742843e-03
1.695866000522801287e-02
1.047047371850931032e-02
1.374887574604508750e-02
1.117327689722878888e-02
1.116767956164403663e-02
1.069193709964019919e-02
1.043420400690592970e-02
9.189531461284787192e-03
1.248512501976074482e-02
1.288771901161089688e-02
6.105007623234996565e-03
1.351507259279606001e-02
1.439675791389890928e-02
1.491301982730510595e-02
1.018274138401102473e-02
8.819004451790533883e-03
1.192730331316852257e-02
1.064642923672363441e-02
8.563302264119556154e-03
1.352937720075715264e-02
8.036275085840316468e-03
1.796643798056902705e-02
6.159736488007183999e-03
2.904978473238225070e-02
4.914382013397698874e-03
3.519294329718832166e-03
1.382387154193565927e-02
6.639342056379973940e-03
1.025606957456693703e-02
1.617884275961114365e-02
9.442811778866598560e-03
2.261144132658955697e-02
7.908979176878347048e-03
1.237312420990929231e-02
9.536617907688196144e-03
1.166617209892137873e-02
1.042895651530125097e-02
1.849011364805483101e-02
7.356444022228970578e-03
6.032403610814071615e-03
1.287605776205600662e-02
1.001742041710531293e-02
1.204071941396978214e-02
1.262320383472615576e-02
9.743972508727893195e-03
7.572459741910279006e-03
1.172453376731937176e-02
6.689171162270213591e-03
1.366961155943135879e-02
4.080617816398444432e-03
2.224179880461451750e-02
4.714259212447359342e-03
9.371549695380962733e-03
1.043169381430925600e-02
1.454036553094920255e-02
7.407202897556999094e-03
4.155100517360552081e-03
1.510427804771461574e-02
5.588735918772727226e-03
1.387188748693370111e-02
1.041175018756985114e-02
1.028100486894618394e-02
9.861470179548631823e-03
9.198873497440217262e-03
1.293782086434657613e-02
8.462413216084313863e-03
8.779100134364852329e-03
1.021640648031825471e-02
1.615338448687179962e-02
5.448783538158749780e-03
1.242845208629296365e-02
7.873734176748256944e-03
1.234466240066103664e-02
8.091969472992786502e-03
1.142545871747279243e-02
1.039845196990791046e-02
8.754313886172895159e-03
9.172445124018850302e-03
1.205563039694970869e-02
3.438161388061416676e-03
7.537661665926862452e-03
1.467059366643297912e-02
6.696152659162180922e-03
1.210206353306057282e-02
9.682629439219454098e-03
1.125282960643016889e-02
8.208039435590763419e-03
7.283984174486249526e-03
7.444547186436466235e-03
1.129393508290740984e-02
5.569552292341540915e-03
1.403426571236923368e-02
