5.429322895172983721e+00
3.656429128907620729e+00
3.156538795109838258e+00
2.907696042811497961e+00
2.748508237734437198e+00
2.542822517883032596e+00
2.195448754154145643e+00
1.366744388468563498e+00
7.322097225561737810e-01
4.430559472702443324e-01
3.092066186852753251e-01
2.444869217481464019e-01
1.955414007846265900e-01
1.595718172569759175e-01
1.441393764335662242e-01
1.388116073072888090e-01
1.131285439636558338e-01
1.169185344751458577e-01
1.016563064807560340e-01
1.085638630955945705e-01
1.099600170177873204e-01
1.062603208438959029e-01
1.059866724726744036e-01
9.296399081451818536e-02
9.300396194984204834e-02
8.833430752682033815e-02
8.280843137891497063e-02
8.180462583841290047e-02
7.644238527084235013e-02
7.525000206287950355e-02
6.928104014589916981e-02
6.820501380832866278e-02
6.461484564887359783e-02
6.478007911483291137e-02
5.812458906497340594e-02
5.921982493915129570e-02
5.848669489769963564e-02
5.658842411229852293e-02
5.531583715998567713e-02
5.687826149258762287e-02
5.474376538756769300e-02
5.214545820688363392e-02
5.367981544014764628e-02
5.408868550881743703e-02
5.062264526129001824e-02
5.004590940731577786e-02
4.938390984025318314e-02
4.721816085674800101e-02
4.891435957630164977e-02
4.652516860613832572e-02
4.491206368489656514e-02
4.544908145180670545e-02
4.350361168384551946e-02
4.558610677893739499e-02
4.233384688058867973e-02
4.461346750787924947e-02
4.093945352698210444e-02
3.817771092016482987e-02
4.322606000810629012e-02
4.305494012543931853e-02
4.177224928414216554e-02
4.150221812765812757e-02
4.216192110284464750e-02
3.867055827699368564e-02
4.080030683823861193e-02
4.173201860697008797e-02
3.911229293822543474e-02
3.894071224611252852e-02
3.592775491549400624e-02
3.593690808137762344e-02
3.469459801522316311e-02
3.555866086191963177e-02
3.592925317672780033e-02
3.383806908008409747e-02
3.276307439533411581e-02
4.239451617514714693e-02
2.688236888241954045e-02
3.346836110221920735e-02
3.267123696746421224e-02
3.288915122847538286e-02
3.102092671510763358e-02
3.236271249162382679e-02
3.172896502475486963e-02
2.742862185486592483e-02
3.206980809546075561e-02
2.852908451511757329e-02
2.972247153619536966e-02
2.659473571399575964e-02
3.048462543429923330e-02
2.753828161300043639e-02
2.714717799820937083e-02
2.811500972494832343e-02
2.703309047507354915e-02
2.346296626736875737e-02
2.864639969108975434e-02
2.120736924256198114e-02
3.119728244467114692e-02
2.196955224624252967e-02
2.386598685878561776e-02
2.276729751113452938e-02
