1.172746561855077641e+00
7.794788756221532333e-01
6.614792229235172405e-01
5.990907011926174253e-01
5.641688505336642789e-01
5.457492360547184784e-01
5.324825267270207885e-01
5.113478080257773950e-01
5.048989079594612406e-01
5.014152486920356866e-01
4.817395070865750362e-01
4.849410329163074684e-01
4.750124140679836127e-01
4.771976406276225990e-01
4.669966556541621516e-01
4.547702365703880645e-01
4.531190501078963262e-01
4.550166571550071093e-01
4.547728118784725715e-01
4.448111354485154156e-01
4.392132150046527128e-01
4.232371015474200027e-01
4.155885492078960075e-01
4.141742616742849492e-01
3.984508241228759129e-01
3.951210344135760999e-01
3.883879656940698588e-01
3.915082244798541167e-01
3.838222606573253870e-01
3.731693996842950778e-01
3.606861852426082038e-01
3.466589906439185298e-01
3.221453327052295479e-01
2.972219976242631567e-01
2.919883830249309642e-01
2.782834510002284989e-01
2.681412068996578690e-01
2.530005079582333671e-01
2.144595182389020804e-01
1.645740000233054112e-01
1.378429441768675989e-01
1.252548885364085374e-01
1.271504486072808637e-01
1.020982585735619036e-01
9.991417816281318587e-02
9.396577410399914454e-02
1.031752003803849266e-01
9.756408542674034623e-02
9.207448448892682769e-02
8.499947869498282460e-02
8.416314525529741686e-02
8.583271738607436974e-02
8.368198470212519224e-02
8.412799214292317196e-02
8.258109107054770193e-02
8.671774032153188594e-02
8.673360157757997735e-02
7.794104785379021849e-02
7.981876174360513776e-02
7.926410419587046063e-02
7.895160939451306703e-02
7.760085110180080237e-02
7.365970850456506069e-02
8.078759561851620030e-02
7.520585483498871959e-02
7.835700305458158377e-02
7.234536547120661021e-02
7.561935027223080918e-02
8.453903125226497339e-02
7.069888084009290363e-02
7.197240334283561136e-02
7.372367953602224078e-02
7.333798897638917069e-02
6.930740833003073975e-02
7.059359137620777047e-02
7.179459132254123466e-02
7.234580600541085094e-02
7.316772189829498507e-02
6.647154167201370367e-02
6.986330259125679565e-02
7.279174725990741890e-02
6.683813487645239027e-02
7.270315032172948444e-02
7.026653536316007642e-02
6.563932873215526376e-02
6.788346701301634090e-02
6.843294157972559799e-02
6.970487546268851198e-02
7.124206642899662267e-02
6.666943601053208768e-02
6.824328142218291648e-02
6.542264578212052262e-02
6.422256348840892082e-02
6.802478413842617810e-02
6.454942517075687447e-02
6.806939419545232628e-02
6.584127249475568711e-02
6.247023994009941877e-02
6.237444206047803447e-02
6.356495795771480162e-02
