0   0   0   0   0   0   0   0   0   
0   0   0   0   -0.000637146804415981   0   0   0   0   
0   0   0   0   -0.00131126582292856   0   0   0   0   
0   0   0   0   -0.000804778520794619   0   0   0   0   
0   0   0   0   0.000347481918483213   0   0   0   0   
0   0   0   0   0.00110349724524175   0   0   0   0   
0   0   0   0   0.000849809575834843   0   0   0   0   
0   0   0   0   -0.000109863971483389   0   0   0   0   
0   0   0   0   -0.000893265140542745   0   0   0   0   
0   0   0   0   -0.000844644871716781   0   0   0   0   
0   0   0   0   -7.68980014499951E-05   0   0   0   0   
0   0   0   0   0.000690943421937396   0   0   0   0   
0   0   0   0   0.000801349259084688   0   0   0   0   
0   0   0   0   0.000216083528005518   0   0   0   0   
0   0   0   0   -0.000504093791427319   0   0   0   0   
0   0   0   0   -0.00073092187497172   0   0   0   0   
0   0   0   0   -0.000312415935163553   0   0   0   0   
0   0   0   0   0.00033777593272844   0   0   0   0   
0   0   0   0   0.000643034793896304   0   0   0   0   
0   0   0   0   0.000371502209035757   0   0   0   0   
0   0   0   0   -0.000194901189944956   0   0   0   0   
0   0   0   0   -0.000545895063840668   0   0   0   0   
0   0   0   0   -0.000399363637911424   0   0   0   0   
0   0   0   0   7.66030124361028E-05   0   0   0   0   
0   0   0   0   0.00044620748923232   0   0   0   0   
0   0   0   0   0.000402057718211507   0   0   0   0   
0   0   0   0   1.7397040675728E-05   0   0   0   0   
0   0   0   0   -0.000349216162423841   0   0   0   0   
0   0   0   0   -0.000385387438597078   0   0   0   0   
0   0   0   0   -8.84437405792225E-05   0   0   0   0   
0   0   0   0   0.000258804258721631   0   0   0   0   
0   0   0   0   0.000354690902098009   0   0   0   0   
0   0   0   0   0.000138634355249824   0   0   0   0   
0   0   0   0   -0.000177633721317165   0   0   0   0   
0   0   0   0   -0.000314702161999649   0   0   0   0   
0   0   0   0   -0.000170543688604232   0   0   0   0   
0   0   0   0   0.000107308932363491   0   0   0   0   
0   0   0   0   0.000269472979091242   0   0   0   0   
0   0   0   0   0.000186991644342096   0   0   0   0   
0   0   0   0   -4.85510953863631E-05   0   0   0   0   
0   0   0   0   -0.000222344794382865   0   0   0   0   
0   0   0   0   -0.000190854125206477   0   0   0   0   
0   0   0   0   1.37268228704486E-06   0   0   0   0   
0   0   0   0   0.000175960394035932   0   0   0   0   
0   0   0   0   0.000184915868649299   0   0   0   0   
0   0   0   0   3.47561968384544E-05   0   0   0   0   
0   0   0   0   -0.000132305373090377   0   0   0   0   
0   0   0   0   -0.000171762195849172   0   0   0   0   
0   0   0   0   -6.07553486662658E-05   0   0   0   0   
0   0   0   0   9.27704469250482E-05   0   0   0   0   
0   0   0   0   0.000153705550381234   0   0   0   0   
0   0   0   0   7.77997978406533E-05   0   0   0   0   
0   0   0   0   -5.82267967403717E-05   0   0   0   0   
0   0   0   0   -0.000132742053563945   0   0   0   0   
0   0   0   0   -8.72049289495959E-05   0   0   0   0   
0   0   0   0   2.91078687861851E-05   0   0   0   0   
0   0   0   0   0.00011053302952556   0   0   0   0   
0   0   0   0   9.03321461556348E-05   0   0   0   0   
0   0   0   0   -5.49229648055872E-06   0   0   0   0   
0   0   0   0   -8.84064787018436E-05   0   0   0   0   
0   0   0   0   -8.85146121022781E-05   0   0   0   0   
0   0   0   0   -1.28161819930906E-05   0   0   0   0   
0   0   0   0   6.73737320138889E-05   0   0   0   0   
0   0   0   0   8.30017955953578E-05   0   0   0   0   
0   0   0   0   2.62148257935977E-05   0   0   0   0   
0   0   0   0   -4.81569338925158E-05   0   0   0   0   
0   0   0   0   -7.49209806404582E-05   0   0   0   0   
0   0   0   0   -3.52360377262701E-05   0   0   0   0   
0   0   0   0   3.12235229874234E-05   0   0   0   0   
0   0   0   0   6.52535344611932E-05   0   0   0   0   
0   0   0   0   4.04907276042077E-05   0   0   0   0   
0   0   0   0   -1.682445589355E-05   0   0   0   0   
0   0   0   0   -5.48235633782556E-05   0   0   0   0   
0   0   0   0   -4.26213598711123E-05   0   0   0   0   
0   0   0   0   5.03351153845966E-06   0   0   0   0   
0   0   0   0   4.42965668922152E-05   0   0   0   0   
0   0   0   0   4.22645914956648E-05   0   0   0   0   
0   0   0   0   4.21440931556313E-06   0   0   0   0   
0   0   0   0   -3.41857974641522E-05   0   0   0   0   
0   0   0   0   -4.00229815282342E-05   0   0   0   0   
0   0   0   0   -1.10875369115879E-05   0   0   0   0   
0   0   0   0   2.48642145498045E-05   0   0   0   0   
0   0   0   0   3.64449532751461E-05   0   0   0   0   
0   0   0   0   1.5825101713785E-05   0   0   0   0   
0   0   0   0   -1.65801582141145E-05   0   0   0   0   
0   0   0   0   -3.2011998536588E-05   0   0   0   0   
0   0   0   0   -1.87094649178703E-05   0   0   0   0   
0   0   0   0   9.47513598083431E-06   0   0   0   0   
0   0   0   0   2.71320140338627E-05   0   0   0   0   
0   0   0   0   2.00428047452322E-05   0   0   0   0   
0   0   0   0   -3.60239652268077E-06   0   0   0   0   
0   0   0   0   -2.21376359306623E-05   0   0   0   0   
0   0   0   0   -2.01283714092935E-05   0   0   0   0   
0   0   0   0   -1.0547604079617E-06   0   0   0   0   
0   0   0   0   1.72884726690636E-05   0   0   0   0   
0   0   0   0   1.92561077764078E-05   0   0   0   0   
0   0   0   0   4.56572863834452E-06   0   0   0   0   
0   0   0   0   -1.27762138062654E-05   0   0   0   0   
0   0   0   0   -1.76922771830601E-05   0   0   0   0   
0   0   0   0   -7.03695023719299E-06   0   0   0   0   
0   0   0   0   8.73169937964389E-06   0   0   0   0   
0   0   0   0   1.56726376572724E-05   0   0   0   0   
0   0   0   0   8.59822975559642E-06   0   0   0   0   
0   0   0   0   -5.23315864836088E-06   0   0   0   0   
0   0   0   0   -1.33986451200373E-05   0   0   0   0   
0   0   0   0   -9.39118398985169E-06   0   0   0   0   
0   0   0   0   2.31495895065111E-06   0   0   0   0   
0   0   0   0   1.10361489243953E-05   0   0   0   0   
0   0   0   0   9.55986228092519E-06   0   0   0   0   
0   0   0   0   2.36630503152865E-08   0   0   0   0   
0   0   0   0   -8.71605339798731E-06   0   0   0   0   
0   0   0   0   -9.2434630032657E-06   0   0   0   0   
0   0   0   0   -1.81029032579353E-06   0   0   0   0   
0   0   0   0   6.53645145400611E-06   0   0   0   0   
0   0   0   0   8.57099175881859E-06   0   0   0   0   
0   0   0   0   3.09172282858553E-06   0   0   0   0   
0   0   0   0   -4.56578411235886E-06   0   0   0   0   
0   0   0   0   -7.65765272907574E-06   0   0   0   0   
0   0   0   0   -3.92727052534342E-06   0   0   0   0   
0   0   0   0   2.84663707942062E-06   0   0   0   0   
0   0   0   0   6.6027330253209E-06   0   0   0   0   
0   0   0   0   4.38304356595041E-06   0   0   0   0   
0   0   0   0   -1.39984745656554E-06   0   0   0   0   
0   0   0   0   -5.48872689909911E-06   0   0   0   0   
0   0   0   0   -4.52727069225655E-06   0   0   0   0   
0   0   0   0   2.28656212916784E-07   0   0   0   0   
0   0   0   0   4.38144854632646E-06   0   0   0   0   
0   0   0   0   4.42662176169395E-06   0   0   0   0   
0   0   0   0   6.77297799695239E-07   0   0   0   0   
0   0   0   0   -3.3308953741914E-06   0   0   0   0   
0   0   0   0   -4.14346916774321E-06   0   0   0   0   
0   0   0   0   -1.33829102275691E-06   0   0   0   0   
0   0   0   0   2.37264473469515E-06   0   0   0   0   
0   0   0   0   3.73399456394546E-06   0   0   0   0   
0   0   0   0   1.78123494486173E-06   0   0   0   0   
0   0   0   0   -1.5295933935251E-06   0   0   0   0   
0   0   0   0   -3.24702996705223E-06   0   0   0   0   
0   0   0   0   -2.03685946792012E-06   0   0   0   0   
0   0   0   0   8.1387796593933E-07   0   0   0   0   
0   0   0   0   2.72351423374597E-06   0   0   0   0   
0   0   0   0   2.13738188795669E-06   0   0   0   0   
0   0   0   0   -2.28844227649998E-07   0   0   0   0   
0   0   0   0   -2.1964452716628E-06   0   0   0   0   
0   0   0   0   -2.11465568756461E-06   0   0   0   0   
0   0   0   0   -2.29037952167011E-07   0   0   0   0   
0   0   0   0   1.69121343438302E-06   0   0   0   0   
0   0   0   0   1.99877235216321E-06   0   0   0   0   
0   0   0   0   5.68390452894332E-07   0   0   0   0   
0   0   0   0   -1.22621077651668E-06   0   0   0   0   
0   0   0   0   -1.81707462845327E-06   0   0   0   0   
0   0   0   0   -8.01325828241231E-07   0   0   0   0   
0   0   0   0   8.13622804542656E-07   0   0   0   0   
0   0   0   0   1.59353027163678E-06   0   0   0   0   
0   0   0   0   9.42060773583537E-07   0   0   0   0   
0   0   0   0   -4.60322850718608E-07   0   0   0   0   
0   0   0   0   -1.34841053744434E-06   0   0   0   0   
0   0   0   0   -1.0057581880543E-06   0   0   0   0   
0   0   0   0   1.68803231749273E-07   0   0   0   0   
0   0   0   0   1.09821660977422E-06   0   0   0   0   
0   0   0   0   1.00759792514173E-06   0   0   0   0   
0   0   0   0   6.19088506474668E-08   0   0   0   0   
0   0   0   0   -8.55798986877354E-07   0   0   0   0   
0   0   0   0   -9.6206565008183E-07   0   0   0   0   
0   0   0   0   -2.35389739980533E-07   0   0   0   0   
0   0   0   0   6.30618810660722E-07   0   0   0   0   
0   0   0   0   8.82441554553393E-07   0   0   0   0   
0   0   0   0   3.57039423675298E-07   0   0   0   0   
0   0   0   0   -4.29105528643173E-07   0   0   0   0   
0   0   0   0   -7.80465667794259E-07   0   0   0   0   
0   0   0   0   -4.33400393624679E-07   0   0   0   0   
0   0   0   0   2.55071534600706E-07   0   0   0   0   
0   0   0   0   6.66153755966403E-07   0   0   0   0   
0   0   0   0   4.71583734650349E-07   0   0   0   0   
0   0   0   0   -1.10151049933978E-07   0   0   0   0   
0   0   0   0   -5.47736913048914E-07   0   0   0   0   
0   0   0   0   -4.78803917457338E-07   0   0   0   0   
0   0   0   0   -5.76290960790433E-09   0   0   0   0   
0   0   0   0   4.31698520273531E-07   0   0   0   0   
0   0   0   0   4.62018360871872E-07   0   0   0   0   
0   0   0   0   9.41033867884667E-08   0   0   0   0   
0   0   0   0   -3.22883915950538E-07   0   0   0   0   
0   0   0   0   -4.27663874496784E-07   0   0   0   0   
0   0   0   0   -1.57250354948303E-07   0   0   0   0   
0   0   0   0   2.24660538885534E-07   0   0   0   0   
0   0   0   0   3.81479438097871E-07   0   0   0   0   
0   0   0   0   1.98196786045728E-07   0   0   0   0   
0   0   0   0   -1.39109195454101E-07   0   0   0   0   
0   0   0   0   -3.28403235765142E-07   0   0   0   0   
0   0   0   0   -2.20264824299411E-07   0   0   0   0   
0   0   0   0   6.72302086401227E-08   0   0   0   0   
0   0   0   0   2.72531249816748E-07   0   0   0   0   
0   0   0   0   2.2687348437948E-07   0   0   0   0   
0   0   0   0   -9.15134001110707E-09   0   0   0   0   
0   0   0   0   -2.17124842149309E-07   0   0   0   0   
0   0   0   0   -2.21356558587332E-07   0   0   0   0   
0   0   0   0   -3.56726189886013E-08   0   0   0   0   
0   0   0   0   1.64655430238852E-07   0   0   0   0   
0   0   0   0   2.06827388391131E-07   0   0   0   0   
0   0   0   0   6.82759219265811E-08   0   0   0   0   
0   0   0   0   -1.16875438454186E-07   0   0   0   0   
0   0   0   0   -1.86085760393574E-07   0   0   0   0   
0   0   0   0   -9.00184861776555E-08   0   0   0   0   
0   0   0   0   7.49060299510152E-08   0   0   0   0   
0   0   0   0   1.6156134100457E-07   0   0   0   0   
0   0   0   0   1.02445827308259E-07   0   0   0   0   
0   0   0   0   -3.93335793026855E-08   0   0   0   0   
0   0   0   0   -1.35287677736834E-07   0   0   0   0   
0   0   0   0   -1.07173341677479E-07   0   0   0   0   
0   0   0   0   1.03083327272655E-08   0   0   0   0   
0   0   0   0   1.08900777906188E-07   0   0   0   0   
0   0   0   0   1.0579459237956E-07   0   0   0   0   
0   0   0   0   1.23598554616437E-08   0   0   0   0   
0   0   0   0   -8.36565414246604E-08   0   0   0   0   
0   0   0   0   -9.98122167041778E-08   0   0   0   0   
0   0   0   0   -2.91124813004101E-08   0   0   0   0   
0   0   0   0   6.04617942618386E-08   0   0   0   0   
0   0   0   0   9.05893449806586E-08   0   0   0   0   
0   0   0   0   4.05626154218892E-08   0   0   0   0   
0   0   0   0   -3.99142730785333E-08   0   0   0   0   
0   0   0   0   -7.93189622248753E-08   0   0   0   0   
0   0   0   0   -4.74259267536234E-08   0   0   0   0   
0   0   0   0   2.23475897975328E-08   0   0   0   0   
0   0   0   0   6.70084132098907E-08   0   0   0   0   
0   0   0   0   5.04631749581854E-08   0   0   0   0   
0   0   0   0   -7.87790836278346E-09   0   0   0   0   
0   0   0   0   -5.44762055592693E-08   0   0   0   0   
0   0   0   0   -5.04341489783707E-08   0   0   0   0   
0   0   0   0   -3.55024406336199E-09   0   0   0   0   
0   0   0   0   4.23583628330911E-08   0   0   0   0   
0   0   0   0   4.8062501169182E-08   0   0   0   0   
0   0   0   0   1.21209616711129E-08   0   0   0   0   
0   0   0   0   -3.11217820269185E-08   0   0   0   0   
0   0   0   0   -4.40105486125879E-08   0   0   0   0   
0   0   0   0   -1.8108085623875E-08   0   0   0   0   
0   0   0   0   2.10823232494929E-08   0   0   0   0   
0   0   0   0   3.88628675903667E-08   0   0   0   0   
0   0   0   0   2.18413062021901E-08   0   0   0   0   
0   0   0   0   -1.24256741517467E-08   0   0   0   0   
0   0   0   0   -3.31173741203578E-08   0   0   0   0   
0   0   0   0   -2.36776483082938E-08   0   0   0   0   
0   0   0   0   5.22936351590228E-09   0   0   0   0   
0   0   0   0   2.71825426283918E-08   0   0   0   0   
0   0   0   0   2.39784005506641E-08   0   0   0   0   
0   0   0   0   5.15372190987264E-10   0   0   0   0   
0   0   0   0   -2.13794464066703E-08   0   0   0   0   
0   0   0   0   -2.30912803549954E-08   0   0   0   0   
0   0   0   0   -4.882853309597E-09   0   0   0   0   
0   0   0   0   1.59473889708655E-08   0   0   0   0   
0   0   0   0   2.133743252126E-08   0   0   0   0   
0   0   0   0   7.9940520517977E-09   0   0   0   0   
0   0   0   0   -1.10520180986834E-08   0   0   0   0   
0   0   0   0   -1.9002728314882E-08   0   0   0   0   
0   0   0   0   -9.99996760122651E-09   0   0   0   0   
0   0   0   0   6.79495973246522E-09   0   0   0   0   
0   0   0   0   1.63327573752411E-08   0   0   0   0   
0   0   0   0   1.10675186248055E-08   0   0   0   0   
0   0   0   0   -3.22416492998939E-09   0   0   0   0   
0   0   0   0   -1.35308758514463E-08   0   0   0   0   
0   0   0   0   -1.13680173797892E-08   0   0   0   0   
0   0   0   0   3.44319886320113E-10   0   0   0   0   
0   0   0   0   1.07586817588625E-08   0   0   0   0   
0   0   0   0   1.10681542185896E-08   0   0   0   0   
0   0   0   0   1.87318077814778E-09   0   0   0   0   
0   0   0   0   -8.13832364909244E-09   0   0   0   0   
0   0   0   0   -1.03233211190646E-08   0   0   0   0   
0   0   0   0   -3.48105918774859E-09   0   0   0   0   
0   0   0   0   5.75610318424918E-09   0   0   0   0   
0   0   0   0   9.27303427412144E-09   0   0   0   0   
0   0   0   0   4.54801715929099E-09   0   0   0   0   
0   0   0   0   -3.66689899496837E-09   0   0   0   0   
0   0   0   0   -8.03817451755784E-09   0   0   0   0   
0   0   0   0   -5.15177152772126E-09   0   0   0   0   
0   0   0   0   1.8990122741861E-09   0   0   0   0   
0   0   0   0   6.71974592542455E-09   0   0   0   0   
0   0   0   0   5.37331012826342E-09   0   0   0   0   
0   0   0   0   -4.59109030925866E-10   0   0   0   0   
0   0   0   0   -5.39885279737719E-09   0   0   0   0   
0   0   0   0   -5.29234847705624E-09   0   0   0   0   
0   0   0   0   -6.62993998777417E-10   0   0   0   0   
0   0   0   0   4.1376090853099E-09   0   0   0   0   
0   0   0   0   4.98391595949605E-09   0   0   0   0   
0   0   0   0   1.48988590543497E-09   0   0   0   0   
0   0   0   0   -2.98071825390886E-09   0   0   0   0   
0   0   0   0   -4.51596448762982E-09   0   0   0   0   
0   0   0   0   -2.05258694882642E-09   0   0   0   0   
0   0   0   0   1.95749204697652E-09   0   0   0   0   
0   0   0   0   3.94787017086484E-09   0   0   0   0   
0   0   0   0   2.38711741877304E-09   0   0   0   0   
0   0   0   0   -1.08411072603994E-09   0   0   0   0   
0   0   0   0   -3.3296874384692E-09   0   0   0   0   
0   0   0   0   -2.53164181988049E-09   0   0   0   0   
0   0   0   0   3.65962606833059E-10   0   0   0   0   
0   0   0   0   2.70201311067159E-09   0   0   0   0   
0   0   0   0   2.52418589258788E-09   0   0   0   0   
0   0   0   0   2.00064772562992E-10   0   0   0   0   
0   0   0   0   -2.09632306935546E-09   0   0   0   0   
0   0   0   0   -2.40089788345875E-09   0   0   0   0   
0   0   0   0   -6.23437191499611E-10   0   0   0   0   
0   0   0   0   1.5356545177544E-09   0   0   0   0   
0   0   0   0   2.19480685801553E-09   0   0   0   0   
0   0   0   0   9.18036180989629E-10   0   0   0   0   
0   0   0   0   -1.03552063837253E-09   0   0   0   0   
0   0   0   0   -1.93501881498878E-09   0   0   0   0   
0   0   0   0   -1.10047216996112E-09   0   0   0   0   
0   0   0   0   6.04960295691693E-10   0   0   0   0   
0   0   0   0   1.64628492101573E-09   0   0   0   0   
0   0   0   0   1.1886678666663E-09   0   0   0   0   
0   0   0   0   -2.47642072058303E-10   0   0   0   0   
0   0   0   0   -1.34887432169962E-09   0   0   0   0   
0   0   0   0   -1.20071421063078E-09   0   0   0   0   
0   0   0   0   -3.70415932983516E-11   0   0   0   0   
0   0   0   0   1.05868570722157E-09   0   0   0   0   
0   0   0   0   1.15398798278401E-09   0   0   0   0   
0   0   0   0   2.5293880091074E-10   0   0   0   0   
0   0   0   0   -7.87536193559984E-10   0   0   0   0   
0   0   0   0   -1.06451054269217E-09   0   0   0   0   
0   0   0   0   -4.06195577817701E-10   0   0   0   0   
0   0   0   0   5.43572292910824E-10   0   0   0   0   
0   0   0   0   9.46520765341799E-10   0   0   0   0   
0   0   0   0   5.04428260746727E-10   0   0   0   0   
0   0   0   0   -3.31755068702191E-10   0   0   0   0   
0   0   0   0   -8.12231614632564E-10   0   0   0   0   
0   0   0   0   -5.56022341123094E-10   0   0   0   0   
0   0   0   0   1.54379399274502E-10   0   0   0   0   
0   0   0   0   6.71738435547075E-10   0   0   0   0   
0   0   0   0   5.69560645290426E-10   0   0   0   0   
0   0   0   0   -1.15951257544577E-11   0   0   0   0   
0   0   0   0   -5.33047497899619E-10   0   0   0   0   
0   0   0   0   -5.53377021423794E-10   0   0   0   0   
0   0   0   0   -9.80946372360968E-11   0   0   0   0   
0   0   0   0   4.02195135161212E-10   0   0   0   0   
0   0   0   0   5.15226759782605E-10   0   0   0   0   
0   0   0   0   1.77375862100105E-10   0   0   0   0   
0   0   0   0   -2.83430587484075E-10   0   0   0   0   
0   0   0   0   -4.62061601639599E-10   0   0   0   0   
0   0   0   0   -2.29718378378725E-10   0   0   0   0   
0   0   0   0   1.79439024898866E-10   0   0   0   0   
0   0   0   0   3.99895180822279E-10   0   0   0   0   
0   0   0   0   2.59029584215958E-10   0   0   0   0   
0   0   0   0   -9.15848962631184E-11   0   0   0   0   
0   0   0   0   -3.33743863670004E-10   0   0   0   0   
0   0   0   0   -2.69369346528256E-10   0   0   0   0   
0   0   0   0   2.01594796339365E-11   0   0   0   0   
0   0   0   0   2.6762798229579E-10   0   0   0   0   
0   0   0   0   2.64724957382956E-10   0   0   0   0   
0   0   0   0   3.53798876921193E-11   0   0   0   0   
0   0   0   0   -2.04619177284643E-10   0   0   0   0   
0   0   0   0   -2.48842483163424E-10   0   0   0   0   
0   0   0   0   -7.6188083968521E-11   0   0   0   0   
0   0   0   0   1.46920782714599E-10   0   0   0   0   
0   0   0   0   2.25109079024237E-10   0   0   0   0   
0   0   0   0   1.03834188131221E-10   0   0   0   0   
0   0   0   0   -9.59697252464059E-11   0   0   0   0   
0   0   0   0   -1.96479745453849E-10   0   0   0   0   
0   0   0   0   -1.20130814460362E-10   0   0   0   0   
0   0   0   0   5.25501224295467E-11   0   0   0   0   
0   0   0   0   1.65441470059579E-10   0   0   0   0   
0   0   0   0   1.26992304631196E-10   0   0   0   0   
0   0   0   0   -1.69105323821928E-11   0   0   0   0   
0   0   0   0   -1.34007618450476E-10   0   0   0   0   
0   0   0   0   -1.26321585505829E-10   0   0   0   0   
0   0   0   0   -1.11214673230201E-11   0   0   0   0   
0   0   0   0   1.03735709954294E-10   0   0   0   0   
0   0   0   0   1.19924210777968E-10   0   0   0   0   
0   0   0   0   3.20320800496318E-11   0   0   0   0   
0   0   0   0   -7.57622414948655E-11   0   0   0   0   
0   0   0   0   -1.09447187309099E-10   0   0   0   0   
0   0   0   0   -4.65247253419947E-11   0   0   0   0   
0   0   0   0   5.08489214575735E-11   0   0   0   0   
0   0   0   0   9.63395975605944E-11   0   0   0   0   
0   0   0   0   5.54361022870666E-11   0   0   0   0   
0   0   0   0   -2.94354719836082E-11   0   0   0   0   
0   0   0   0   -8.18317181638078E-11   0   0   0   0   
0   0   0   0   -5.96658164408862E-11   0   0   0   0   
0   0   0   0   1.16949926368268E-11   0   0   0   0   
0   0   0   0   6.69292503807363E-11   0   0   0   0   
0   0   0   0   6.01196535561291E-11   0   0   0   0   
0   0   0   0   2.41129702027586E-12   0   0   0   0   
0   0   0   0   -5.24193714279319E-11   0   0   0   0   
0   0   0   0   -5.7665928007721E-11   0   0   0   0   
0   0   0   0   -1.30823398015789E-11   0   0   0   0   
0   0   0   0   3.88855402087366E-11   0   0   0   0   
0   0   0   0   5.31038594989104E-11   0   0   0   0   
0   0   0   0   2.06302449069538E-11   0   0   0   0   
0   0   0   0   -2.67283055202784E-11   0   0   0   0   
0   0   0   0   -4.71426177935492E-11   0   0   0   0   
0   0   0   0   -2.54390906186495E-11   0   0   0   0   
0   0   0   0   1.61897334314515E-11   0   0   0   0   
0   0   0   0   4.03894986789416E-11   0   0   0   0   
0   0   0   0   2.79300788931256E-11   0   0   0   0   
0   0   0   0   -7.37946334789712E-12   0   0   0   0   
0   0   0   0   -3.33456309999775E-11   0   0   0   0   
0   0   0   0   -2.85331688405288E-11   0   0   0   0   
0   0   0   0   3.00795292135865E-13   0   0   0   0   
0   0   0   0   2.64076407106645E-11   0   0   0   0   
0   0   0   0   2.76649843523879E-11   0   0   0   0   
0   0   0   0   5.12441422217464E-12   0   0   0   0   
0   0   0   0   -1.98737911719222E-11   0   0   0   0   
0   0   0   0   -2.57125470878385E-11   0   0   0   0   
0   0   0   0   -9.0329268375524E-12   0   0   0   0   
0   0   0   0   1.39532592145774E-11   0   0   0   0   
0   0   0   0   2.30222203743218E-11   0   0   0   0   
0   0   0   0   1.15999430956912E-11   0   0   0   0   
0   0   0   0   -8.77737617533689E-12   0   0   0   0   
0   0   0   0   -1.98931515700337E-11   0   0   0   0   
0   0   0   0   -1.30218859988518E-11   0   0   0   0   
0   0   0   0   4.4118473709737E-12   0   0   0   0   
0   0   0   0   1.65744587033178E-11   0   0   0   0   
0   0   0   0   1.35022514822763E-11   0   0   0   0   
0   0   0   0   -8.69150286627997E-13   0   0   0   0   
0   0   0   0   -1.32654104361089E-11   0   0   0   0   
0   0   0   0   -1.32404624987965E-11   0   0   0   0   
0   0   0   0   -1.87950818595507E-12   0   0   0   0   
0   0   0   0   1.01178858520364E-11   0   0   0   0   
0   0   0   0   1.24235384053154E-11   0   0   0   0   
0   0   0   0   3.89312861306526E-12   0   0   0   0   
0   0   0   0   -7.2404624387941E-12   0   0   0   0   
0   0   0   0   -1.12203045497766E-11   0   0   0   0   
0   0   0   0   -5.25105474189885E-12   0   0   0   0   
0   0   0   0   4.70355828535033E-12   0   0   0   0   
0   0   0   0   9.77781342644134E-12   0   0   0   0   
0   0   0   0   6.044485199545E-12   0   0   0   0   
0   0   0   0   -2.54514061250777E-12   0   0   0   0   
0   0   0   0   -8.21962315558623E-12   0   0   0   0   
0   0   0   0   -6.36943246415933E-12   0   0   0   0   
0   0   0   0   7.76601299598143E-13   0   0   0   0   
0   0   0   0   6.64557596753983E-12   0   0   0   0   
0   0   0   0   6.321116188965E-12   0   0   0   0   
0   0   0   0   6.11513640366603E-13   0   0   0   0   
0   0   0   0   -5.13273366506011E-12   0   0   0   0   
0   0   0   0   -5.9897141841586E-12   0   0   0   0   
0   0   0   0   -1.64415313860594E-12   0   0   0   0   
0   0   0   0   3.73715394474858E-12   0   0   0   0   
0   0   0   0   5.45734918219539E-12   0   0   0   0   
0   0   0   0   2.35694879957353E-12   0   0   0   0   
0   0   0   0   -2.49622675299116E-12   0   0   0   0   
0   0   0   0   -4.79616065244787E-12   0   0   0   0   
0   0   0   0   -2.79203857304179E-12   0   0   0   0   
0   0   0   0   1.43132991469372E-12   0   0   0   0   
0   0   0   0   4.06729589186845E-12   0   0   0   0   
0   0   0   0   2.99457111767106E-12   0   0   0   0   
0   0   0   0   -5.50605114367468E-13   0   0   0   0   
0   0   0   0   -3.32065084414018E-12   0   0   0   0   
0   0   0   0   -3.00989335360366E-12   0   0   0   0   
0   0   0   0   -1.48303439196834E-13   0   0   0   0   
0   0   0   0   2.59519611301971E-12   0   0   0   0   
0   0   0   0   2.88139128714533E-12   0   0   0   0   
0   0   0   0   6.75666454155991E-13   0   0   0   0   
0   0   0   0   -1.91973513264835E-12   0   0   0   0   
0   0   0   0   -2.64893080543613E-12   0   0   0   0   
0   0   0   0   -1.04732663770031E-12   0   0   0   0   
0   0   0   0   1.31395737558772E-12   0   0   0   0   
0   0   0   0   2.34782974558842E-12   0   0   0   0   
0   0   0   0   1.28264811263056E-12   0   0   0   0   
0   0   0   0   -7.89668035290822E-13   0   0   0   0   
0   0   0   0   -2.00828397562318E-12   0   0   0   0   
0   0   0   0   -1.40278483108543E-12   0   0   0   0   
0   0   0   0   3.52095327814372E-13   0   0   0   0   
0   0   0   0   1.65516727474849E-12   0   0   0   0   
0   0   0   0   1.42927350696408E-12   0   0   0   0   
0   0   0   0   -1.19622831841308E-15   0   0   0   0   
0   0   0   0   -1.30812628226901E-12   0   0   0   0   
0   0   0   0   -1.38294017031425E-12   0   0   0   0   
0   0   0   0   -2.67099816273009E-13   0   0   0   0   
0   0   0   0   9.81896584762591E-13   0   0   0   0   
0   0   0   0   1.28309740383843E-12   0   0   0   0   
0   0   0   0   4.59752525910353E-13   0   0   0   0   
0   0   0   0   -6.86773124746927E-13   0   0   0   0   
0   0   0   0   -1.14700118410873E-12   0   0   0   0   
0   0   0   0   -5.8560599072017E-13   0   0   0   0   
0   0   0   0   4.29176664588458E-13   0   0   0   0   
0   0   0   0   9.89531477158121E-13   0   0   0   0   
0   0   0   0   6.5453278424552E-13   0   0   0   0   
0   0   0   0   -2.12267290063581E-13   0   0   0   0   
0   0   0   0   -8.23058759592357E-13   0   0   0   0   
0   0   0   0   -6.76731780200986E-13   0   0   0   0   
0   0   0   0   3.65652929049098E-14   0   0   0   0   
0   0   0   0   6.57458886155705E-13   0   0   0   0   
0   0   0   0   6.62176176899059E-13   0   0   0   0   
0   0   0   0   9.94512295037713E-14   0   0   0   0   
0   0   0   0   -5.0024066624084E-13   0   0   0   0   
0   0   0   0   -6.20202059617268E-13   0   0   0   0   
0   0   0   0   -1.98794411707228E-13   0   0   0   0   
0   0   0   0   3.56753656193957E-13   0   0   0   0   
0   0   0   0   5.59223562087879E-13   0   0   0   0   
0   0   0   0   2.65475257587191E-13   0   0   0   0   
0   0   0   0   -2.3044759161589E-13   0   0   0   0   
0   0   0   0   -4.86558074178154E-13   0   0   0   0   
0   0   0   0   -3.04081492507767E-13   0   0   0   0   
0   0   0   0   1.23159209622541E-13   0   0   0   0   
0   0   0   0   4.08343715616673E-13   0   0   0   0   
0   0   0   0   3.19427991406896E-13   0   0   0   0   
0   0   0   0   -3.5406647482065E-14   0   0   0   0   
0   0   0   0   -3.2953118577688E-13   0   0   0   0   
0   0   0   0   -3.16278971338983E-13   0   0   0   0   
0   0   0   0   -3.33240815535105E-14   0   0   0   0   
0   0   0   0   2.53932848959495E-13   0   0   0   0   
0   0   0   0   2.9913798500702E-13   0   0   0   0   
0   0   0   0   8.4312014292081E-14   0   0   0   0   
0   0   0   0   -1.84313285995652E-13   0   0   0   0   
