0   0   2000   2000   4000   4000   6000   6000   8000   8000   10000   10000   12000   12000   14000   14000   16000   16000   18000   18000   20000   20000   2000   2000   6000   6000   10000   10000   14000   14000   18000   18000   
0   5000   0   5000   0   5000   0   5000   0   5000   0   5000   0   5000   0   5000   0   5000   0   5000   0   5000   0   5000   0   5000   0   5000   0   5000   0   5000   
0   0   0   0   0   0   0   0   0   0   0   0   0   0   0   0   0   0   0   0   0   0   4000   4000   4000   4000   4000   4000   4000   4000   4000   4000   

0   0   2100   2100   4200   4200   6300   6300   8400   8400   10500   10500   12600   12600   14700   14700   16800   16800   18900   18900   21000   21000   2100   2100   6300   6300   10500   10500   14700   14700   18900   18900   
0   5000   0   5000   0   5000   0   5000   0   5000   0   5000   0   5000   0   5000   0   5000   0   5000   0   5000   0   5000   0   5000   0   5000   0   5000   0   5000   
0   0   0   0   0   0   0   0   0   0   0   0   0   0   0   0   0   0   0   0   0   0   4000   4000   4000   4000   4000   4000   4000   4000   4000   4000   

0   0   2200   2200   4400   4400   6600   6600   8800   8800   11000   11000   13200   13200   15400   15400   17600   17600   19800   19800   22000   22000   2200   2200   6600   6600   11000   11000   15400   15400   19800   19800   
0   5000   0   5000   0   5000   0   5000   0   5000   0   5000   0   5000   0   5000   0   5000   0   5000   0   5000   0   5000   0   5000   0   5000   0   5000   0   5000   
0   0   0   0   0   0   0   0   0   0   0   0   0   0   0   0   0   0   0   0   0   0   4000   4000   4000   4000   4000   4000   4000   4000   4000   4000   

0   0   2300   2300   4600   4600   6900   6900   9200   9200   11500   11500   13800   13800   16100   16100   18400   18400   20700   20700   23000   23000   2300   2300   6900   6900   11500   11500   16100   16100   20700   20700   
0   5000   0   5000   0   5000   0   5000   0   5000   0   5000   0   5000   0   5000   0   5000   0   5000   0   5000   0   5000   0   5000   0   5000   0   5000   0   5000   
0   0   0   0   0   0   0   0   0   0   0   0   0   0   0   0   0   0   0   0   0   0   4000   4000   4000   4000   4000   4000   4000   4000   4000   4000   

0   0   2400   2400   4800   4800   7200   7200   9600   9600   12000   12000   14400   14400   16800   16800   19200   19200   21600   21600   24000   24000   2400   2400   7200   7200   12000   12000   16800   16800   21600   21600   
0   5000   0   5000   0   5000   0   5000   0   5000   0   5000   0   5000   0   5000   0   5000   0   5000   0   5000   0   5000   0   5000   0   5000   0   5000   0   5000   
0   0   0   0   0   0   0   0   0   0   0   0   0   0   0   0   0   0   0   0   0   0   4000   4000   4000   4000   4000   4000   4000   4000   4000   4000   

0   0   2500   2500   5000   5000   7500   7500   10000   10000   12500   12500   15000   15000   17500   17500   20000   20000   22500   22500   25000   25000   2500   2500   7500   7500   12500   12500   17500   17500   22500   22500   
0   5000   0   5000   0   5000   0   5000   0   5000   0   5000   0   5000   0   5000   0   5000   0   5000   0   5000   0   5000   0   5000   0   5000   0   5000   0   5000   
0   0   0   0   0   0   0   0   0   0   0   0   0   0   0   0   0   0   0   0   0   0   4000   4000   4000   4000   4000   4000   4000   4000   4000   4000   

0   0   2600   2600   5200   5200   7800   7800   10400   10400   13000   13000   15600   15600   18200   18200   20800   20800   23400   23400   26000   26000   2600   2600   7800   7800   13000   13000   18200   18200   23400   23400   
0   5000   0   5000   0   5000   0   5000   0   5000   0   5000   0   5000   0   5000   0   5000   0   5000   0   5000   0   5000   0   5000   0   5000   0   5000   0   5000   
0   0   0   0   0   0   0   0   0   0   0   0   0   0   0   0   0   0   0   0   0   0   4000   4000   4000   4000   4000   4000   4000   4000   4000   4000   

0   0   2700   2700   5400   5400   8100   8100   10800   10800   13500   13500   16200   16200   18900   18900   21600   21600   24300   24300   27000   27000   2700   2700   8100   8100   13500   13500   18900   18900   24300   24300   
0   5000   0   5000   0   5000   0   5000   0   5000   0   5000   0   5000   0   5000   0   5000   0   5000   0   5000   0   5000   0   5000   0   5000   0   5000   0   5000   
0   0   0   0   0   0   0   0   0   0   0   0   0   0   0   0   0   0   0   0   0   0   4000   4000   4000   4000   4000   4000   4000   4000   4000   4000   

0   0   2800   2800   5600   5600   8400   8400   11200   11200   14000   14000   16800   16800   19600   19600   22400   22400   25200   25200   28000   28000   2800   2800   8400   8400   14000   14000   19600   19600   25200   25200   
0   5000   0   5000   0   5000   0   5000   0   5000   0   5000   0   5000   0   5000   0   5000   0   5000   0   5000   0   5000   0   5000   0   5000   0   5000   0   5000   
0   0   0   0   0   0   0   0   0   0   0   0   0   0   0   0   0   0   0   0   0   0   4000   4000   4000   4000   4000   4000   4000   4000   4000   4000   

0   0   2900   2900   5800   5800   8700   8700   11600   11600   14500   14500   17400   17400   20300   20300   23200   23200   26100   26100   29000   29000   2900   2900   8700   8700   14500   14500   20300   20300   26100   26100   
0   5000   0   5000   0   5000   0   5000   0   5000   0   5000   0   5000   0   5000   0   5000   0   5000   0   5000   0   5000   0   5000   0   5000   0   5000   0   5000   
0   0   0   0   0   0   0   0   0   0   0   0   0   0   0   0   0   0   0   0   0   0   4000   4000   4000   4000   4000   4000   4000   4000   4000   4000   

0   0   3000   3000   6000   6000   9000   9000   12000   12000   15000   15000   18000   18000   21000   21000   24000   24000   27000   27000   30000   30000   3000   3000   9000   9000   15000   15000   21000   21000   27000   27000   
0   5000   0   5000   0   5000   0   5000   0   5000   0   5000   0   5000   0   5000   0   5000   0   5000   0   5000   0   5000   0   5000   0   5000   0   5000   0   5000   
0   0   0   0   0   0   0   0   0   0   0   0   0   0   0   0   0   0   0   0   0   0   4000   4000   4000   4000   4000   4000   4000   4000   4000   4000   

0   0   2000   2000   4000   4000   6000   6000   8000   8000   10000   10000   12000   12000   14000   14000   16000   16000   18000   18000   20000   20000   2000   2000   6000   6000   10000   10000   14000   14000   18000   18000   
0   5000   0   5000   0   5000   0   5000   0   5000   0   5000   0   5000   0   5000   0   5000   0   5000   0   5000   0   5000   0   5000   0   5000   0   5000   0   5000   
0   0   0   0   0   0   0   0   0   0   0   0   0   0   0   0   0   0   0   0   0   0   4100   4100   4100   4100   4100   4100   4100   4100   4100   4100   

0   0   2100   2100   4200   4200   6300   6300   8400   8400   10500   10500   12600   12600   14700   14700   16800   16800   18900   18900   21000   21000   2100   2100   6300   6300   10500   10500   14700   14700   18900   18900   
0   5000   0   5000   0   5000   0   5000   0   5000   0   5000   0   5000   0   5000   0   5000   0   5000   0   5000   0   5000   0   5000   0   5000   0   5000   0   5000   
0   0   0   0   0   0   0   0   0   0   0   0   0   0   0   0   0   0   0   0   0   0   4100   4100   4100   4100   4100   4100   4100   4100   4100   4100   

0   0   2200   2200   4400   4400   6600   6600   8800   8800   11000   11000   13200   13200   15400   15400   17600   17600   19800   19800   22000   22000   2200   2200   6600   6600   11000   11000   15400   15400   19800   19800   
0   5000   0   5000   0   5000   0   5000   0   5000   0   5000   0   5000   0   5000   0   5000   0   5000   0   5000   0   5000   0   5000   0   5000   0   5000   0   5000   
0   0   0   0   0   0   0   0   0   0   0   0   0   0   0   0   0   0   0   0   0   0   4100   4100   4100   4100   4100   4100   4100   4100   4100   4100   

0   0   2300   2300   4600   4600   6900   6900   9200   9200   11500   11500   13800   13800   16100   16100   18400   18400   20700   20700   23000   23000   2300   2300   6900   6900   11500   11500   16100   16100   20700   20700   
0   5000   0   5000   0   5000   0   5000   0   5000   0   5000   0   5000   0   5000   0   5000   0   5000   0   5000   0   5000   0   5000   0   5000   0   5000   0   5000   
0   0   0   0   0   0   0   0   0   0   0   0   0   0   0   0   0   0   0   0   0   0   4100   4100   4100   4100   4100   4100   4100   4100   4100   4100   

0   0   2400   2400   4800   4800   7200   7200   9600   9600   12000   12000   14400   14400   16800   16800   19200   19200   21600   21600   24000   24000   2400   2400   7200   7200   12000   12000   16800   16800   21600   21600   
0   5000   0   5000   0   5000   0   5000   0   5000   0   5000   0   5000   0   5000   0   5000   0   5000   0   5000   0   5000   0   5000   0   5000   0   5000   0   5000   
0   0   0   0   0   0   0   0   0   0   0   0   0   0   0   0   0   0   0   0   0   0   4100   4100   4100   4100   4100   4100   4100   4100   4100   4100   

0   0   2500   2500   5000   5000   7500   7500   10000   10000   12500   12500   15000   15000   17500   17500   20000   20000   22500   22500   25000   25000   2500   2500   7500   7500   12500   12500   17500   17500   22500   22500   
0   5000   0   5000   0   5000   0   5000   0   5000   0   5000   0   5000   0   5000   0   5000   0   5000   0   5000   0   5000   0   5000   0   5000   0   5000   0   5000   
0   0   0   0   0   0   0   0   0   0   0   0   0   0   0   0   0   0   0   0   0   0   4100   4100   4100   4100   4100   4100   4100   4100   4100   4100   

0   0   2600   2600   5200   5200   7800   7800   10400   10400   13000   13000   15600   15600   18200   18200   20800   20800   23400   23400   26000   26000   2600   2600   7800   7800   13000   13000   18200   18200   23400   23400   
0   5000   0   5000   0   5000   0   5000   0   5000   0   5000   0   5000   0   5000   0   5000   0   5000   0   5000   0   5000   0   5000   0   5000   0   5000   0   5000   
0   0   0   0   0   0   0   0   0   0   0   0   0   0   0   0   0   0   0   0   0   0   4100   4100   4100   4100   4100   4100   4100   4100   4100   4100   

0   0   2700   2700   5400   5400   8100   8100   10800   10800   13500   13500   16200   16200   18900   18900   21600   21600   24300   24300   27000   27000   2700   2700   8100   8100   13500   13500   18900   18900   24300   24300   
0   5000   0   5000   0   5000   0   5000   0   5000   0   5000   0   5000   0   5000   0   5000   0   5000   0   5000   0   5000   0   5000   0   5000   0   5000   0   5000   
0   0   0   0   0   0   0   0   0   0   0   0   0   0   0   0   0   0   0   0   0   0   4100   4100   4100   4100   4100   4100   4100   4100   4100   4100   

0   0   2800   2800   5600   5600   8400   8400   11200   11200   14000   14000   16800   16800   19600   19600   22400   22400   25200   25200   28000   28000   2800   2800   8400   8400   14000   14000   19600   19600   25200   25200   
0   5000   0   5000   0   5000   0   5000   0   5000   0   5000   0   5000   0   5000   0   5000   0   5000   0   5000   0   5000   0   5000   0   5000   0   5000   0   5000   
0   0   0   0   0   0   0   0   0   0   0   0   0   0   0   0   0   0   0   0   0   0   4100   4100   4100   4100   4100   4100   4100   4100   4100   4100   

0   0   2900   2900   5800   5800   8700   8700   11600   11600   14500   14500   17400   17400   20300   20300   23200   23200   26100   26100   29000   29000   2900   2900   8700   8700   14500   14500   20300   20300   26100   26100   
0   5000   0   5000   0   5000   0   5000   0   5000   0   5000   0   5000   0   5000   0   5000   0   5000   0   5000   0   5000   0   5000   0   5000   0   5000   0   5000   
0   0   0   0   0   0   0   0   0   0   0   0   0   0   0   0   0   0   0   0   0   0   4100   4100   4100   4100   4100   4100   4100   4100   4100   4100   

0   0   3000   3000   6000   6000   9000   9000   12000   12000   15000   15000   18000   18000   21000   21000   24000   24000   27000   27000   30000   30000   3000   3000   9000   9000   15000   15000   21000   21000   27000   27000   
0   5000   0   5000   0   5000   0   5000   0   5000   0   5000   0   5000   0   5000   0   5000   0   5000   0   5000   0   5000   0   5000   0   5000   0   5000   0   5000   
0   0   0   0   0   0   0   0   0   0   0   0   0   0   0   0   0   0   0   0   0   0   4100   4100   4100   4100   4100   4100   4100   4100   4100   4100   

0   0   2000   2000   4000   4000   6000   6000   8000   8000   10000   10000   12000   12000   14000   14000   16000   16000   18000   18000   20000   20000   2000   2000   6000   6000   10000   10000   14000   14000   18000   18000   
0   5000   0   5000   0   5000   0   5000   0   5000   0   5000   0   5000   0   5000   0   5000   0   5000   0   5000   0   5000   0   5000   0   5000   0   5000   0   5000   
0   0   0   0   0   0   0   0   0   0   0   0   0   0   0   0   0   0   0   0   0   0   4200   4200   4200   4200   4200   4200   4200   4200   4200   4200   

0   0   2100   2100   4200   4200   6300   6300   8400   8400   10500   10500   12600   12600   14700   14700   16800   16800   18900   18900   21000   21000   2100   2100   6300   6300   10500   10500   14700   14700   18900   18900   
0   5000   0   5000   0   5000   0   5000   0   5000   0   5000   0   5000   0   5000   0   5000   0   5000   0   5000   0   5000   0   5000   0   5000   0   5000   0   5000   
0   0   0   0   0   0   0   0   0   0   0   0   0   0   0   0   0   0   0   0   0   0   4200   4200   4200   4200   4200   4200   4200   4200   4200   4200   

0   0   2200   2200   4400   4400   6600   6600   8800   8800   11000   11000   13200   13200   15400   15400   17600   17600   19800   19800   22000   22000   2200   2200   6600   6600   11000   11000   15400   15400   19800   19800   
0   5000   0   5000   0   5000   0   5000   0   5000   0   5000   0   5000   0   5000   0   5000   0   5000   0   5000   0   5000   0   5000   0   5000   0   5000   0   5000   
0   0   0   0   0   0   0   0   0   0   0   0   0   0   0   0   0   0   0   0   0   0   4200   4200   4200   4200   4200   4200   4200   4200   4200   4200   

0   0   2300   2300   4600   4600   6900   6900   9200   9200   11500   11500   13800   13800   16100   16100   18400   18400   20700   20700   23000   23000   2300   2300   6900   6900   11500   11500   16100   16100   20700   20700   
0   5000   0   5000   0   5000   0   5000   0   5000   0   5000   0   5000   0   5000   0   5000   0   5000   0   5000   0   5000   0   5000   0   5000   0   5000   0   5000   
0   0   0   0   0   0   0   0   0   0   0   0   0   0   0   0   0   0   0   0   0   0   4200   4200   4200   4200   4200   4200   4200   4200   4200   4200   

0   0   2400   2400   4800   4800   7200   7200   9600   9600   12000   12000   14400   14400   16800   16800   19200   19200   21600   21600   24000   24000   2400   2400   7200   7200   12000   12000   16800   16800   21600   21600   
0   5000   0   5000   0   5000   0   5000   0   5000   0   5000   0   5000   0   5000   0   5000   0   5000   0   5000   0   5000   0   5000   0   5000   0   5000   0   5000   
0   0   0   0   0   0   0   0   0   0   0   0   0   0   0   0   0   0   0   0   0   0   4200   4200   4200   4200   4200   4200   4200   4200   4200   4200   

0   0   2500   2500   5000   5000   7500   7500   10000   10000   12500   12500   15000   15000   17500   17500   20000   20000   22500   22500   25000   25000   2500   2500   7500   7500   12500   12500   17500   17500   22500   22500   
0   5000   0   5000   0   5000   0   5000   0   5000   0   5000   0   5000   0   5000   0   5000   0   5000   0   5000   0   5000   0   5000   0   5000   0   5000   0   5000   
0   0   0   0   0   0   0   0   0   0   0   0   0   0   0   0   0   0   0   0   0   0   4200   4200   4200   4200   4200   4200   4200   4200   4200   4200   

0   0   2600   2600   5200   5200   7800   7800   10400   10400   13000   13000   15600   15600   18200   18200   20800   20800   23400   23400   26000   26000   2600   2600   7800   7800   13000   13000   18200   18200   23400   23400   
0   5000   0   5000   0   5000   0   5000   0   5000   0   5000   0   5000   0   5000   0   5000   0   5000   0   5000   0   5000   0   5000   0   5000   0   5000   0   5000   
0   0   0   0   0   0   0   0   0   0   0   0   0   0   0   0   0   0   0   0   0   0   4200   4200   4200   4200   4200   4200   4200   4200   4200   4200   

0   0   2700   2700   5400   5400   8100   8100   10800   10800   13500   13500   16200   16200   18900   18900   21600   21600   24300   24300   27000   27000   2700   2700   8100   8100   13500   13500   18900   18900   24300   24300   
0   5000   0   5000   0   5000   0   5000   0   5000   0   5000   0   5000   0   5000   0   5000   0   5000   0   5000   0   5000   0   5000   0   5000   0   5000   0   5000   
0   0   0   0   0   0   0   0   0   0   0   0   0   0   0   0   0   0   0   0   0   0   4200   4200   4200   4200   4200   4200   4200   4200   4200   4200   

0   0   2800   2800   5600   5600   8400   8400   11200   11200   14000   14000   16800   16800   19600   19600   22400   22400   25200   25200   28000   28000   2800   2800   8400   8400   14000   14000   19600   19600   25200   25200   
0   5000   0   5000   0   5000   0   5000   0   5000   0   5000   0   5000   0   5000   0   5000   0   5000   0   5000   0   5000   0   5000   0   5000   0   5000   0   5000   
0   0   0   0   0   0   0   0   0   0   0   0   0   0   0   0   0   0   0   0   0   0   4200   4200   4200   4200   4200   4200   4200   4200   4200   4200   

0   0   2900   2900   5800   5800   8700   8700   11600   11600   14500   14500   17400   17400   20300   20300   23200   23200   26100   26100   29000   29000   2900   2900   8700   8700   14500   14500   20300   20300   26100   26100   
0   5000   0   5000   0   5000   0   5000   0   5000   0   5000   0   5000   0   5000   0   5000   0   5000   0   5000   0   5000   0   5000   0   5000   0   5000   0   5000   
0   0   0   0   0   0   0   0   0   0   0   0   0   0   0   0   0   0   0   0   0   0   4200   4200   4200   4200   4200   4200   4200   4200   4200   4200   

0   0   3000   3000   6000   6000   9000   9000   12000   12000   15000   15000   18000   18000   21000   21000   24000   24000   27000   27000   30000   30000   3000   3000   9000   9000   15000   15000   21000   21000   27000   27000   
0   5000   0   5000   0   5000   0   5000   0   5000   0   5000   0   5000   0   5000   0   5000   0   5000   0   5000   0   5000   0   5000   0   5000   0   5000   0   5000   
0   0   0   0   0   0   0   0   0   0   0   0   0   0   0   0   0   0   0   0   0   0   4200   4200   4200   4200   4200   4200   4200   4200   4200   4200   

0   0   2000   2000   4000   4000   6000   6000   8000   8000   10000   10000   12000   12000   14000   14000   16000   16000   18000   18000   20000   20000   2000   2000   6000   6000   10000   10000   14000   14000   18000   18000   
0   5000   0   5000   0   5000   0   5000   0   5000   0   5000   0   5000   0   5000   0   5000   0   5000   0   5000   0   5000   0   5000   0   5000   0   5000   0   5000   
0   0   0   0   0   0   0   0   0   0   0   0   0   0   0   0   0   0   0   0   0   0   4300   4300   4300   4300   4300   4300   4300   4300   4300   4300   

0   0   2100   2100   4200   4200   6300   6300   8400   8400   10500   10500   12600   12600   14700   14700   16800   16800   18900   18900   21000   21000   2100   2100   6300   6300   10500   10500   14700   14700   18900   18900   
0   5000   0   5000   0   5000   0   5000   0   5000   0   5000   0   5000   0   5000   0   5000   0   5000   0   5000   0   5000   0   5000   0   5000   0   5000   0   5000   
0   0   0   0   0   0   0   0   0   0   0   0   0   0   0   0   0   0   0   0   0   0   4300   4300   4300   4300   4300   4300   4300   4300   4300   4300   

0   0   2200   2200   4400   4400   6600   6600   8800   8800   11000   11000   13200   13200   15400   15400   17600   17600   19800   19800   22000   22000   2200   2200   6600   6600   11000   11000   15400   15400   19800   19800   
0   5000   0   5000   0   5000   0   5000   0   5000   0   5000   0   5000   0   5000   0   5000   0   5000   0   5000   0   5000   0   5000   0   5000   0   5000   0   5000   
0   0   0   0   0   0   0   0   0   0   0   0   0   0   0   0   0   0   0   0   0   0   4300   4300   4300   4300   4300   4300   4300   4300   4300   4300   

0   0   2300   2300   4600   4600   6900   6900   9200   9200   11500   11500   13800   13800   16100   16100   18400   18400   20700   20700   23000   23000   2300   2300   6900   6900   11500   11500   16100   16100   20700   20700   
0   5000   0   5000   0   5000   0   5000   0   5000   0   5000   0   5000   0   5000   0   5000   0   5000   0   5000   0   5000   0   5000   0   5000   0   5000   0   5000   
0   0   0   0   0   0   0   0   0   0   0   0   0   0   0   0   0   0   0   0   0   0   4300   4300   4300   4300   4300   4300   4300   4300   4300   4300   

0   0   2400   2400   4800   4800   7200   7200   9600   9600   12000   12000   14400   14400   16800   16800   19200   19200   21600   21600   24000   24000   2400   2400   7200   7200   12000   12000   16800   16800   21600   21600   
0   5000   0   5000   0   5000   0   5000   0   5000   0   5000   0   5000   0   5000   0   5000   0   5000   0   5000   0   5000   0   5000   0   5000   0   5000   0   5000   
0   0   0   0   0   0   0   0   0   0   0   0   0   0   0   0   0   0   0   0   0   0   4300   4300   4300   4300   4300   4300   4300   4300   4300   4300   

0   0   2500   2500   5000   5000   7500   7500   10000   10000   12500   12500   15000   15000   17500   17500   20000   20000   22500   22500   25000   25000   2500   2500   7500   7500   12500   12500   17500   17500   22500   22500   
0   5000   0   5000   0   5000   0   5000   0   5000   0   5000   0   5000   0   5000   0   5000   0   5000   0   5000   0   5000   0   5000   0   5000   0   5000   0   5000   
0   0   0   0   0   0   0   0   0   0   0   0   0   0   0   0   0   0   0   0   0   0   4300   4300   4300   4300   4300   4300   4300   4300   4300   4300   

0   0   2600   2600   5200   5200   7800   7800   10400   10400   13000   13000   15600   15600   18200   18200   20800   20800   23400   23400   26000   26000   2600   2600   7800   7800   13000   13000   18200   18200   23400   23400   
0   5000   0   5000   0   5000   0   5000   0   5000   0   5000   0   5000   0   5000   0   5000   0   5000   0   5000   0   5000   0   5000   0   5000   0   5000   0   5000   
0   0   0   0   0   0   0   0   0   0   0   0   0   0   0   0   0   0   0   0   0   0   4300   4300   4300   4300   4300   4300   4300   4300   4300   4300   

0   0   2700   2700   5400   5400   8100   8100   10800   10800   13500   13500   16200   16200   18900   18900   21600   21600   24300   24300   27000   27000   2700   2700   8100   8100   13500   13500   18900   18900   24300   24300   
0   5000   0   5000   0   5000   0   5000   0   5000   0   5000   0   5000   0   5000   0   5000   0   5000   0   5000   0   5000   0   5000   0   5000   0   5000   0   5000   
0   0   0   0   0   0   0   0   0   0   0   0   0   0   0   0   0   0   0   0   0   0   4300   4300   4300   4300   4300   4300   4300   4300   4300   4300   

0   0   2800   2800   5600   5600   8400   8400   11200   11200   14000   14000   16800   16800   19600   19600   22400   22400   25200   25200   28000   28000   2800   2800   8400   8400   14000   14000   19600   19600   25200   25200   
0   5000   0   5000   0   5000   0   5000   0   5000   0   5000   0   5000   0   5000   0   5000   0   5000   0   5000   0   5000   0   5000   0   5000   0   5000   0   5000   
0   0   0   0   0   0   0   0   0   0   0   0   0   0   0   0   0   0   0   0   0   0   4300   4300   4300   4300   4300   4300   4300   4300   4300   4300   

0   0   2900   2900   5800   5800   8700   8700   11600   11600   14500   14500   17400   17400   20300   20300   23200   23200   26100   26100   29000   29000   2900   2900   8700   8700   14500   14500   20300   20300   26100   26100   
0   5000   0   5000   0   5000   0   5000   0   5000   0   5000   0   5000   0   5000   0   5000   0   5000   0   5000   0   5000   0   5000   0   5000   0   5000   0   5000   
0   0   0   0   0   0   0   0   0   0   0   0   0   0   0   0   0   0   0   0   0   0   4300   4300   4300   4300   4300   4300   4300   4300   4300   4300   

0   0   3000   3000   6000   6000   9000   9000   12000   12000   15000   15000   18000   18000   21000   21000   24000   24000   27000   27000   30000   30000   3000   3000   9000   9000   15000   15000   21000   21000   27000   27000   
0   5000   0   5000   0   5000   0   5000   0   5000   0   5000   0   5000   0   5000   0   5000   0   5000   0   5000   0   5000   0   5000   0   5000   0   5000   0   5000   
0   0   0   0   0   0   0   0   0   0   0   0   0   0   0   0   0   0   0   0   0   0   4300   4300   4300   4300   4300   4300   4300   4300   4300   4300   

0   0   2000   2000   4000   4000   6000   6000   8000   8000   10000   10000   12000   12000   14000   14000   16000   16000   18000   18000   20000   20000   2000   2000   6000   6000   10000   10000   14000   14000   18000   18000   
0   5000   0   5000   0   5000   0   5000   0   5000   0   5000   0   5000   0   5000   0   5000   0   5000   0   5000   0   5000   0   5000   0   5000   0   5000   0   5000   
0   0   0   0   0   0   0   0   0   0   0   0   0   0   0   0   0   0   0   0   0   0   4400   4400   4400   4400   4400   4400   4400   4400   4400   4400   

0   0   2100   2100   4200   4200   6300   6300   8400   8400   10500   10500   12600   12600   14700   14700   16800   16800   18900   18900   21000   21000   2100   2100   6300   6300   10500   10500   14700   14700   18900   18900   
0   5000   0   5000   0   5000   0   5000   0   5000   0   5000   0   5000   0   5000   0   5000   0   5000   0   5000   0   5000   0   5000   0   5000   0   5000   0   5000   
0   0   0   0   0   0   0   0   0   0   0   0   0   0   0   0   0   0   0   0   0   0   4400   4400   4400   4400   4400   4400   4400   4400   4400   4400   

0   0   2200   2200   4400   4400   6600   6600   8800   8800   11000   11000   13200   13200   15400   15400   17600   17600   19800   19800   22000   22000   2200   2200   6600   6600   11000   11000   15400   15400   19800   19800   
0   5000   0   5000   0   5000   0   5000   0   5000   0   5000   0   5000   0   5000   0   5000   0   5000   0   5000   0   5000   0   5000   0   5000   0   5000   0   5000   
0   0   0   0   0   0   0   0   0   0   0   0   0   0   0   0   0   0   0   0   0   0   4400   4400   4400   4400   4400   4400   4400   4400   4400   4400   

0   0   2300   2300   4600   4600   6900   6900   9200   9200   11500   11500   13800   13800   16100   16100   18400   18400   20700   20700   23000   23000   2300   2300   6900   6900   11500   11500   16100   16100   20700   20700   
0   5000   0   5000   0   5000   0   5000   0   5000   0   5000   0   5000   0   5000   0   5000   0   5000   0   5000   0   5000   0   5000   0   5000   0   5000   0   5000   
0   0   0   0   0   0   0   0   0   0   0   0   0   0   0   0   0   0   0   0   0   0   4400   4400   4400   4400   4400   4400   4400   4400   4400   4400   

0   0   2400   2400   4800   4800   7200   7200   9600   9600   12000   12000   14400   14400   16800   16800   19200   19200   21600   21600   24000   24000   2400   2400   7200   7200   12000   12000   16800   16800   21600   21600   
0   5000   0   5000   0   5000   0   5000   0   5000   0   5000   0   5000   0   5000   0   5000   0   5000   0   5000   0   5000   0   5000   0   5000   0   5000   0   5000   
0   0   0   0   0   0   0   0   0   0   0   0   0   0   0   0   0   0   0   0   0   0   4400   4400   4400   4400   4400   4400   4400   4400   4400   4400   

0   0   2500   2500   5000   5000   7500   7500   10000   10000   12500   12500   15000   15000   17500   17500   20000   20000   22500   22500   25000   25000   2500   2500   7500   7500   12500   12500   17500   17500   22500   22500   
0   5000   0   5000   0   5000   0   5000   0   5000   0   5000   0   5000   0   5000   0   5000   0   5000   0   5000   0   5000   0   5000   0   5000   0   5000   0   5000   
0   0   0   0   0   0   0   0   0   0   0   0   0   0   0   0   0   0   0   0   0   0   4400   4400   4400   4400   4400   4400   4400   4400   4400   4400   

0   0   2600   2600   5200   5200   7800   7800   10400   10400   13000   13000   15600   15600   18200   18200   20800   20800   23400   23400   26000   26000   2600   2600   7800   7800   13000   13000   18200   18200   23400   23400   
0   5000   0   5000   0   5000   0   5000   0   5000   0   5000   0   5000   0   5000   0   5000   0   5000   0   5000   0   5000   0   5000   0   5000   0   5000   0   5000   
0   0   0   0   0   0   0   0   0   0   0   0   0   0   0   0   0   0   0   0   0   0   4400   4400   4400   4400   4400   4400   4400   4400   4400   4400   

0   0   2700   2700   5400   5400   8100   8100   10800   10800   13500   13500   16200   16200   18900   18900   21600   21600   24300   24300   27000   27000   2700   2700   8100   8100   13500   13500   18900   18900   24300   24300   
0   5000   0   5000   0   5000   0   5000   0   5000   0   5000   0   5000   0   5000   0   5000   0   5000   0   5000   0   5000   0   5000   0   5000   0   5000   0   5000   
0   0   0   0   0   0   0   0   0   0   0   0   0   0   0   0   0   0   0   0   0   0   4400   4400   4400   4400   4400   4400   4400   4400   4400   4400   

0   0   2800   2800   5600   5600   8400   8400   11200   11200   14000   14000   16800   16800   19600   19600   22400   22400   25200   25200   28000   28000   2800   2800   8400   8400   14000   14000   19600   19600   25200   25200   
0   5000   0   5000   0   5000   0   5000   0   5000   0   5000   0   5000   0   5000   0   5000   0   5000   0   5000   0   5000   0   5000   0   5000   0   5000   0   5000   
0   0   0   0   0   0   0   0   0   0   0   0   0   0   0   0   0   0   0   0   0   0   4400   4400   4400   4400   4400   4400   4400   4400   4400   4400   

0   0   2900   2900   5800   5800   8700   8700   11600   11600   14500   14500   17400   17400   20300   20300   23200   23200   26100   26100   29000   29000   2900   2900   8700   8700   14500   14500   20300   20300   26100   26100   
0   5000   0   5000   0   5000   0   5000   0   5000   0   5000   0   5000   0   5000   0   5000   0   5000   0   5000   0   5000   0   5000   0   5000   0   5000   0   5000   
0   0   0   0   0   0   0   0   0   0   0   0   0   0   0   0   0   0   0   0   0   0   4400   4400   4400   4400   4400   4400   4400   4400   4400   4400   

0   0   3000   3000   6000   6000   9000   9000   12000   12000   15000   15000   18000   18000   21000   21000   24000   24000   27000   27000   30000   30000   3000   3000   9000   9000   15000   15000   21000   21000   27000   27000   
0   5000   0   5000   0   5000   0   5000   0   5000   0   5000   0   5000   0   5000   0   5000   0   5000   0   5000   0   5000   0   5000   0   5000   0   5000   0   5000   
0   0   0   0   0   0   0   0   0   0   0   0   0   0   0   0   0   0   0   0   0   0   4400   4400   4400   4400   4400   4400   4400   4400   4400   4400   

0   0   2000   2000   4000   4000   6000   6000   8000   8000   10000   10000   12000   12000   14000   14000   16000   16000   18000   18000   20000   20000   2000   2000   6000   6000   10000   10000   14000   14000   18000   18000   
0   5000   0   5000   0   5000   0   5000   0   5000   0   5000   0   5000   0   5000   0   5000   0   5000   0   5000   0   5000   0   5000   0   5000   0   5000   0   5000   
0   0   0   0   0   0   0   0   0   0   0   0   0   0   0   0   0   0   0   0   0   0   4500   4500   4500   4500   4500   4500   4500   4500   4500   4500   

0   0   2100   2100   4200   4200   6300   6300   8400   8400   10500   10500   12600   12600   14700   14700   16800   16800   18900   18900   21000   21000   2100   2100   6300   6300   10500   10500   14700   14700   18900   18900   
0   5000   0   5000   0   5000   0   5000   0   5000   0   5000   0   5000   0   5000   0   5000   0   5000   0   5000   0   5000   0   5000   0   5000   0   5000   0   5000   
0   0   0   0   0   0   0   0   0   0   0   0   0   0   0   0   0   0   0   0   0   0   4500   4500   4500   4500   4500   4500   4500   4500   4500   4500   

0   0   2200   2200   4400   4400   6600   6600   8800   8800   11000   11000   13200   13200   15400   15400   17600   17600   19800   19800   22000   22000   2200   2200   6600   6600   11000   11000   15400   15400   19800   19800   
0   5000   0   5000   0   5000   0   5000   0   5000   0   5000   0   5000   0   5000   0   5000   0   5000   0   5000   0   5000   0   5000   0   5000   0   5000   0   5000   
0   0   0   0   0   0   0   0   0   0   0   0   0   0   0   0   0   0   0   0   0   0   4500   4500   4500   4500   4500   4500   4500   4500   4500   4500   

0   0   2300   2300   4600   4600   6900   6900   9200   9200   11500   11500   13800   13800   16100   16100   18400   18400   20700   20700   23000   23000   2300   2300   6900   6900   11500   11500   16100   16100   20700   20700   
0   5000   0   5000   0   5000   0   5000   0   5000   0   5000   0   5000   0   5000   0   5000   0   5000   0   5000   0   5000   0   5000   0   5000   0   5000   0   5000   
0   0   0   0   0   0   0   0   0   0   0   0   0   0   0   0   0   0   0   0   0   0   4500   4500   4500   4500   4500   4500   4500   4500   4500   4500   

0   0   2400   2400   4800   4800   7200   7200   9600   9600   12000   12000   14400   14400   16800   16800   19200   19200   21600   21600   24000   24000   2400   2400   7200   7200   12000   12000   16800   16800   21600   21600   
0   5000   0   5000   0   5000   0   5000   0   5000   0   5000   0   5000   0   5000   0   5000   0   5000   0   5000   0   5000   0   5000   0   5000   0   5000   0   5000   
0   0   0   0   0   0   0   0   0   0   0   0   0   0   0   0   0   0   0   0   0   0   4500   4500   4500   4500   4500   4500   4500   4500   4500   4500   

0   0   2500   2500   5000   5000   7500   7500   10000   10000   12500   12500   15000   15000   17500   17500   20000   20000   22500   22500   25000   25000   2500   2500   7500   7500   12500   12500   17500   17500   22500   22500   
0   5000   0   5000   0   5000   0   5000   0   5000   0   5000   0   5000   0   5000   0   5000   0   5000   0   5000   0   5000   0   5000   0   5000   0   5000   0   5000   
0   0   0   0   0   0   0   0   0   0   0   0   0   0   0   0   0   0   0   0   0   0   4500   4500   4500   4500   4500   4500   4500   4500   4500   4500   

0   0   2600   2600   5200   5200   7800   7800   10400   10400   13000   13000   15600   15600   18200   18200   20800   20800   23400   23400   26000   26000   2600   2600   7800   7800   13000   13000   18200   18200   23400   23400   
0   5000   0   5000   0   5000   0   5000   0   5000   0   5000   0   5000   0   5000   0   5000   0   5000   0   5000   0   5000   0   5000   0   5000   0   5000   0   5000   
0   0   0   0   0   0   0   0   0   0   0   0   0   0   0   0   0   0   0   0   0   0   4500   4500   4500   4500   4500   4500   4500   4500   4500   4500   

0   0   2700   2700   5400   5400   8100   8100   10800   10800   13500   13500   16200   16200   18900   18900   21600   21600   24300   24300   27000   27000   2700   2700   8100   8100   13500   13500   18900   18900   24300   24300   
0   5000   0   5000   0   5000   0   5000   0   5000   0   5000   0   5000   0   5000   0   5000   0   5000   0   5000   0   5000   0   5000   0   5000   0   5000   0   5000   
0   0   0   0   0   0   0   0   0   0   0   0   0   0   0   0   0   0   0   0   0   0   4500   4500   4500   4500   4500   4500   4500   4500   4500   4500   

0   0   2800   2800   5600   5600   8400   8400   11200   11200   14000   14000   16800   16800   19600   19600   22400   22400   25200   25200   28000   28000   2800   2800   8400   8400   14000   14000   19600   19600   25200   25200   
0   5000   0   5000   0   5000   0   5000   0   5000   0   5000   0   5000   0   5000   0   5000   0   5000   0   5000   0   5000   0   5000   0   5000   0   5000   0   5000   
0   0   0   0   0   0   0   0   0   0   0   0   0   0   0   0   0   0   0   0   0   0   4500   4500   4500   4500   4500   4500   4500   4500   4500   4500   

0   0   2900   2900   5800   5800   8700   8700   11600   11600   14500   14500   17400   17400   20300   20300   23200   23200   26100   26100   29000   29000   2900   2900   8700   8700   14500   14500   20300   20300   26100   26100   
0   5000   0   5000   0   5000   0   5000   0   5000   0   5000   0   5000   0   5000   0   5000   0   5000   0   5000   0   5000   0   5000   0   5000   0   5000   0   5000   
0   0   0   0   0   0   0   0   0   0   0   0   0   0   0   0   0   0   0   0   0   0   4500   4500   4500   4500   4500   4500   4500   4500   4500   4500   

0   0   3000   3000   6000   6000   9000   9000   12000   12000   15000   15000   18000   18000   21000   21000   24000   24000   27000   27000   30000   30000   3000   3000   9000   9000   15000   15000   21000   21000   27000   27000   
0   5000   0   5000   0   5000   0   5000   0   5000   0   5000   0   5000   0   5000   0   5000   0   5000   0   5000   0   5000   0   5000   0   5000   0   5000   0   5000   
0   0   0   0   0   0   0   0   0   0   0   0   0   0   0   0   0   0   0   0   0   0   4500   4500   4500   4500   4500   4500   4500   4500   4500   4500   

0   0   2000   2000   4000   4000   6000   6000   8000   8000   10000   10000   12000   12000   14000   14000   16000   16000   18000   18000   20000   20000   2000   2000   6000   6000   10000   10000   14000   14000   18000   18000   
0   5000   0   5000   0   5000   0   5000   0   5000   0   5000   0   5000   0   5000   0   5000   0   5000   0   5000   0   5000   0   5000   0   5000   0   5000   0   5000   
0   0   0   0   0   0   0   0   0   0   0   0   0   0   0   0   0   0   0   0   0   0   4600   4600   4600   4600   4600   4600   4600   4600   4600   4600   

0   0   2100   2100   4200   4200   6300   6300   8400   8400   10500   10500   12600   12600   14700   14700   16800   16800   18900   18900   21000   21000   2100   2100   6300   6300   10500   10500   14700   14700   18900   18900   
0   5000   0   5000   0   5000   0   5000   0   5000   0   5000   0   5000   0   5000   0   5000   0   5000   0   5000   0   5000   0   5000   0   5000   0   5000   0   5000   
0   0   0   0   0   0   0   0   0   0   0   0   0   0   0   0   0   0   0   0   0   0   4600   4600   4600   4600   4600   4600   4600   4600   4600   4600   

0   0   2200   2200   4400   4400   6600   6600   8800   8800   11000   11000   13200   13200   15400   15400   17600   17600   19800   19800   22000   22000   2200   2200   6600   6600   11000   11000   15400   15400   19800   19800   
0   5000   0   5000   0   5000   0   5000   0   5000   0   5000   0   5000   0   5000   0   5000   0   5000   0   5000   0   5000   0   5000   0   5000   0   5000   0   5000   
0   0   0   0   0   0   0   0   0   0   0   0   0   0   0   0   0   0   0   0   0   0   4600   4600   4600   4600   4600   4600   4600   4600   4600   4600   

0   0   2300   2300   4600   4600   6900   6900   9200   9200   11500   11500   13800   13800   16100   16100   18400   18400   20700   20700   23000   23000   2300   2300   6900   6900   11500   11500   16100   16100   20700   20700   
0   5000   0   5000   0   5000   0   5000   0   5000   0   5000   0   5000   0   5000   0   5000   0   5000   0   5000   0   5000   0   5000   0   5000   0   5000   0   5000   
0   0   0   0   0   0   0   0   0   0   0   0   0   0   0   0   0   0   0   0   0   0   4600   4600   4600   4600   4600   4600   4600   4600   4600   4600   

0   0   2400   2400   4800   4800   7200   7200   9600   9600   12000   12000   14400   14400   16800   16800   19200   19200   21600   21600   24000   24000   2400   2400   7200   7200   12000   12000   16800   16800   21600   21600   
0   5000   0   5000   0   5000   0   5000   0   5000   0   5000   0   5000   0   5000   0   5000   0   5000   0   5000   0   5000   0   5000   0   5000   0   5000   0   5000   
0   0   0   0   0   0   0   0   0   0   0   0   0   0   0   0   0   0   0   0   0   0   4600   4600   4600   4600   4600   4600   4600   4600   4600   4600   

0   0   2500   2500   5000   5000   7500   7500   10000   10000   12500   12500   15000   15000   17500   17500   20000   20000   22500   22500   25000   25000   2500   2500   7500   7500   12500   12500   17500   17500   22500   22500   
0   5000   0   5000   0   5000   0   5000   0   5000   0   5000   0   5000   0   5000   0   5000   0   5000   0   5000   0   5000   0   5000   0   5000   0   5000   0   5000   
0   0   0   0   0   0   0   0   0   0   0   0   0   0   0   0   0   0   0   0   0   0   4600   4600   4600   4600   4600   4600   4600   4600   4600   4600   

0   0   2600   2600   5200   5200   7800   7800   10400   10400   13000   13000   15600   15600   18200   18200   20800   20800   23400   23400   26000   26000   2600   2600   7800   7800   13000   13000   18200   18200   23400   23400   
0   5000   0   5000   0   5000   0   5000   0   5000   0   5000   0   5000   0   5000   0   5000   0   5000   0   5000   0   5000   0   5000   0   5000   0   5000   0   5000   
0   0   0   0   0   0   0   0   0   0   0   0   0   0   0   0   0   0   0   0   0   0   4600   4600   4600   4600   4600   4600   4600   4600   4600   4600   

0   0   2700   2700   5400   5400   8100   8100   10800   10800   13500   13500   16200   16200   18900   18900   21600   21600   24300   24300   27000   27000   2700   2700   8100   8100   13500   13500   18900   18900   24300   24300   
0   5000   0   5000   0   5000   0   5000   0   5000   0   5000   0   5000   0   5000   0   5000   0   5000   0   5000   0   5000   0   5000   0   5000   0   5000   0   5000   
0   0   0   0   0   0   0   0   0   0   0   0   0   0   0   0   0   0   0   0   0   0   4600   4600   4600   4600   4600   4600   4600   4600   4600   4600   

0   0   2800   2800   5600   5600   8400   8400   11200   11200   14000   14000   16800   16800   19600   19600   22400   22400   25200   25200   28000   28000   2800   2800   8400   8400   14000   14000   19600   19600   25200   25200   
0   5000   0   5000   0   5000   0   5000   0   5000   0   5000   0   5000   0   5000   0   5000   0   5000   0   5000   0   5000   0   5000   0   5000   0   5000   0   5000   
0   0   0   0   0   0   0   0   0   0   0   0   0   0   0   0   0   0   0   0   0   0   4600   4600   4600   4600   4600   4600   4600   4600   4600   4600   

0   0   2900   2900   5800   5800   8700   8700   11600   11600   14500   14500   17400   17400   20300   20300   23200   23200   26100   26100   29000   29000   2900   2900   8700   8700   14500   14500   20300   20300   26100   26100   
0   5000   0   5000   0   5000   0   5000   0   5000   0   5000   0   5000   0   5000   0   5000   0   5000   0   5000   0   5000   0   5000   0   5000   0   5000   0   5000   
0   0   0   0   0   0   0   0   0   0   0   0   0   0   0   0   0   0   0   0   0   0   4600   4600   4600   4600   4600   4600   4600   4600   4600   4600   

0   0   3000   3000   6000   6000   9000   9000   12000   12000   15000   15000   18000   18000   21000   21000   24000   24000   27000   27000   30000   30000   3000   3000   9000   9000   15000   15000   21000   21000   27000   27000   
0   5000   0   5000   0   5000   0   5000   0   5000   0   5000   0   5000   0   5000   0   5000   0   5000   0   5000   0   5000   0   5000   0   5000   0   5000   0   5000   
0   0   0   0   0   0   0   0   0   0   0   0   0   0   0   0   0   0   0   0   0   0   4600   4600   4600   4600   4600   4600   4600   4600   4600   4600   

0   0   2000   2000   4000   4000   6000   6000   8000   8000   10000   10000   12000   12000   14000   14000   16000   16000   18000   18000   20000   20000   2000   2000   6000   6000   10000   10000   14000   14000   18000   18000   
0   5000   0   5000   0   5000   0   5000   0   5000   0   5000   0   5000   0   5000   0   5000   0   5000   0   5000   0   5000   0   5000   0   5000   0   5000   0   5000   
0   0   0   0   0   0   0   0   0   0   0   0   0   0   0   0   0   0   0   0   0   0   4700   4700   4700   4700   4700   4700   4700   4700   4700   4700   

0   0   2100   2100   4200   4200   6300   6300   8400   8400   10500   10500   12600   12600   14700   14700   16800   16800   18900   18900   21000   21000   2100   2100   6300   6300   10500   10500   14700   14700   18900   18900   
0   5000   0   5000   0   5000   0   5000   0   5000   0   5000   0   5000   0   5000   0   5000   0   5000   0   5000   0   5000   0   5000   0   5000   0   5000   0   5000   
0   0   0   0   0   0   0   0   0   0   0   0   0   0   0   0   0   0   0   0   0   0   4700   4700   4700   4700   4700   4700   4700   4700   4700   4700   

0   0   2200   2200   4400   4400   6600   6600   8800   8800   11000   11000   13200   13200   15400   15400   17600   17600   19800   19800   22000   22000   2200   2200   6600   6600   11000   11000   15400   15400   19800   19800   
0   5000   0   5000   0   5000   0   5000   0   5000   0   5000   0   5000   0   5000   0   5000   0   5000   0   5000   0   5000   0   5000   0   5000   0   5000   0   5000   
0   0   0   0   0   0   0   0   0   0   0   0   0   0   0   0   0   0   0   0   0   0   4700   4700   4700   4700   4700   4700   4700   4700   4700   4700   

0   0   2300   2300   4600   4600   6900   6900   9200   9200   11500   11500   13800   13800   16100   16100   18400   18400   20700   20700   23000   23000   2300   2300   6900   6900   11500   11500   16100   16100   20700   20700   
0   5000   0   5000   0   5000   0   5000   0   5000   0   5000   0   5000   0   5000   0   5000   0   5000   0   5000   0   5000   0   5000   0   5000   0   5000   0   5000   
0   0   0   0   0   0   0   0   0   0   0   0   0   0   0   0   0   0   0   0   0   0   4700   4700   4700   4700   4700   4700   4700   4700   4700   4700   

0   0   2400   2400   4800   4800   7200   7200   9600   9600   12000   12000   14400   14400   16800   16800   19200   19200   21600   21600   24000   24000   2400   2400   7200   7200   12000   12000   16800   16800   21600   21600   
0   5000   0   5000   0   5000   0   5000   0   5000   0   5000   0   5000   0   5000   0   5000   0   5000   0   5000   0   5000   0   5000   0   5000   0   5000   0   5000   
0   0   0   0   0   0   0   0   0   0   0   0   0   0   0   0   0   0   0   0   0   0   4700   4700   4700   4700   4700   4700   4700   4700   4700   4700   

0   0   2500   2500   5000   5000   7500   7500   10000   10000   12500   12500   15000   15000   17500   17500   20000   20000   22500   22500   25000   25000   2500   2500   7500   7500   12500   12500   17500   17500   22500   22500   
0   5000   0   5000   0   5000   0   5000   0   5000   0   5000   0   5000   0   5000   0   5000   0   5000   0   5000   0   5000   0   5000   0   5000   0   5000   0   5000   
0   0   0   0   0   0   0   0   0   0   0   0   0   0   0   0   0   0   0   0   0   0   4700   4700   4700   4700   4700   4700   4700   4700   4700   4700   

0   0   2600   2600   5200   5200   7800   7800   10400   10400   13000   13000   15600   15600   18200   18200   20800   20800   23400   23400   26000   26000   2600   2600   7800   7800   13000   13000   18200   18200   23400   23400   
0   5000   0   5000   0   5000   0   5000   0   5000   0   5000   0   5000   0   5000   0   5000   0   5000   0   5000   0   5000   0   5000   0   5000   0   5000   0   5000   
0   0   0   0   0   0   0   0   0   0   0   0   0   0   0   0   0   0   0   0   0   0   4700   4700   4700   4700   4700   4700   4700   4700   4700   4700   

0   0   2700   2700   5400   5400   8100   8100   10800   10800   13500   13500   16200   16200   18900   18900   21600   21600   24300   24300   27000   27000   2700   2700   8100   8100   13500   13500   18900   18900   24300   24300   
0   5000   0   5000   0   5000   0   5000   0   5000   0   5000   0   5000   0   5000   0   5000   0   5000   0   5000   0   5000   0   5000   0   5000   0   5000   0   5000   
0   0   0   0   0   0   0   0   0   0   0   0   0   0   0   0   0   0   0   0   0   0   4700   4700   4700   4700   4700   4700   4700   4700   4700   4700   

0   0   2800   2800   5600   5600   8400   8400   11200   11200   14000   14000   16800   16800   19600   19600   22400   22400   25200   25200   28000   28000   2800   2800   8400   8400   14000   14000   19600   19600   25200   25200   
0   5000   0   5000   0   5000   0   5000   0   5000   0   5000   0   5000   0   5000   0   5000   0   5000   0   5000   0   5000   0   5000   0   5000   0   5000   0   5000   
0   0   0   0   0   0   0   0   0   0   0   0   0   0   0   0   0   0   0   0   0   0   4700   4700   4700   4700   4700   4700   4700   4700   4700   4700   

0   0   2900   2900   5800   5800   8700   8700   11600   11600   14500   14500   17400   17400   20300   20300   23200   23200   26100   26100   29000   29000   2900   2900   8700   8700   14500   14500   20300   20300   26100   26100   
0   5000   0   5000   0   5000   0   5000   0   5000   0   5000   0   5000   0   5000   0   5000   0   5000   0   5000   0   5000   0   5000   0   5000   0   5000   0   5000   
0   0   0   0   0   0   0   0   0   0   0   0   0   0   0   0   0   0   0   0   0   0   4700   4700   4700   4700   4700   4700   4700   4700   4700   4700   

0   0   3000   3000   6000   6000   9000   9000   12000   12000   15000   15000   18000   18000   21000   21000   24000   24000   27000   27000   30000   30000   3000   3000   9000   9000   15000   15000   21000   21000   27000   27000   
0   5000   0   5000   0   5000   0   5000   0   5000   0   5000   0   5000   0   5000   0   5000   0   5000   0   5000   0   5000   0   5000   0   5000   0   5000   0   5000   
0   0   0   0   0   0   0   0   0   0   0   0   0   0   0   0   0   0   0   0   0   0   4700   4700   4700   4700   4700   4700   4700   4700   4700   4700   

0   0   2000   2000   4000   4000   6000   6000   8000   8000   10000   10000   12000   12000   14000   14000   16000   16000   18000   18000   20000   20000   2000   2000   6000   6000   10000   10000   14000   14000   18000   18000   
0   5000   0   5000   0   5000   0   5000   0   5000   0   5000   0   5000   0   5000   0   5000   0   5000   0   5000   0   5000   0   5000   0   5000   0   5000   0   5000   
0   0   0   0   0   0   0   0   0   0   0   0   0   0   0   0   0   0   0   0   0   0   4800   4800   4800   4800   4800   4800   4800   4800   4800   4800   

0   0   2100   2100   4200   4200   6300   6300   8400   8400   10500   10500   12600   12600   14700   14700   16800   16800   18900   18900   21000   21000   2100   2100   6300   6300   10500   10500   14700   14700   18900   18900   
0   5000   0   5000   0   5000   0   5000   0   5000   0   5000   0   5000   0   5000   0   5000   0   5000   0   5000   0   5000   0   5000   0   5000   0   5000   0   5000   
0   0   0   0   0   0   0   0   0   0   0   0   0   0   0   0   0   0   0   0   0   0   4800   4800   4800   4800   4800   4800   4800   4800   4800   4800   

0   0   2200   2200   4400   4400   6600   6600   8800   8800   11000   11000   13200   13200   15400   15400   17600   17600   19800   19800   22000   22000   2200   2200   6600   6600   11000   11000   15400   15400   19800   19800   
0   5000   0   5000   0   5000   0   5000   0   5000   0   5000   0   5000   0   5000   0   5000   0   5000   0   5000   0   5000   0   5000   0   5000   0   5000   0   5000   
0   0   0   0   0   0   0   0   0   0   0   0   0   0   0   0   0   0   0   0   0   0   4800   4800   4800   4800   4800   4800   4800   4800   4800   4800   

0   0   2300   2300   4600   4600   6900   6900   9200   9200   11500   11500   13800   13800   16100   16100   18400   18400   20700   20700   23000   23000   2300   2300   6900   6900   11500   11500   16100   16100   20700   20700   
0   5000   0   5000   0   5000   0   5000   0   5000   0   5000   0   5000   0   5000   0   5000   0   5000   0   5000   0   5000   0   5000   0   5000   0   5000   0   5000   
0   0   0   0   0   0   0   0   0   0   0   0   0   0   0   0   0   0   0   0   0   0   4800   4800   4800   4800   4800   4800   4800   4800   4800   4800   

0   0   2400   2400   4800   4800   7200   7200   9600   9600   12000   12000   14400   14400   16800   16800   19200   19200   21600   21600   24000   24000   2400   2400   7200   7200   12000   12000   16800   16800   21600   21600   
0   5000   0   5000   0   5000   0   5000   0   5000   0   5000   0   5000   0   5000   0   5000   0   5000   0   5000   0   5000   0   5000   0   5000   0   5000   0   5000   
0   0   0   0   0   0   0   0   0   0   0   0   0   0   0   0   0   0   0   0   0   0   4800   4800   4800   4800   4800   4800   4800   4800   4800   4800   

0   0   2500   2500   5000   5000   7500   7500   10000   10000   12500   12500   15000   15000   17500   17500   20000   20000   22500   22500   25000   25000   2500   2500   7500   7500   12500   12500   17500   17500   22500   22500   
0   5000   0   5000   0   5000   0   5000   0   5000   0   5000   0   5000   0   5000   0   5000   0   5000   0   5000   0   5000   0   5000   0   5000   0   5000   0   5000   
0   0   0   0   0   0   0   0   0   0   0   0   0   0   0   0   0   0   0   0   0   0   4800   4800   4800   4800   4800   4800   4800   4800   4800   4800   

0   0   2600   2600   5200   5200   7800   7800   10400   10400   13000   13000   15600   15600   18200   18200   20800   20800   23400   23400   26000   26000   2600   2600   7800   7800   13000   13000   18200   18200   23400   23400   
0   5000   0   5000   0   5000   0   5000   0   5000   0   5000   0   5000   0   5000   0   5000   0   5000   0   5000   0   5000   0   5000   0   5000   0   5000   0   5000   
0   0   0   0   0   0   0   0   0   0   0   0   0   0   0   0   0   0   0   0   0   0   4800   4800   4800   4800   4800   4800   4800   4800   4800   4800   

0   0   2700   2700   5400   5400   8100   8100   10800   10800   13500   13500   16200   16200   18900   18900   21600   21600   24300   24300   27000   27000   2700   2700   8100   8100   13500   13500   18900   18900   24300   24300   
0   5000   0   5000   0   5000   0   5000   0   5000   0   5000   0   5000   0   5000   0   5000   0   5000   0   5000   0   5000   0   5000   0   5000   0   5000   0   5000   
0   0   0   0   0   0   0   0   0   0   0   0   0   0   0   0   0   0   0   0   0   0   4800   4800   4800   4800   4800   4800   4800   4800   4800   4800   

0   0   2800   2800   5600   5600   8400   8400   11200   11200   14000   14000   16800   16800   19600   19600   22400   22400   25200   25200   28000   28000   2800   2800   8400   8400   14000   14000   19600   19600   25200   25200   
0   5000   0   5000   0   5000   0   5000   0   5000   0   5000   0   5000   0   5000   0   5000   0   5000   0   5000   0   5000   0   5000   0   5000   0   5000   0   5000   
0   0   0   0   0   0   0   0   0   0   0   0   0   0   0   0   0   0   0   0   0   0   4800   4800   4800   4800   4800   4800   4800   4800   4800   4800   

0   0   2900   2900   5800   5800   8700   8700   11600   11600   14500   14500   17400   17400   20300   20300   23200   23200   26100   26100   29000   29000   2900   2900   8700   8700   14500   14500   20300   20300   26100   26100   
0   5000   0   5000   0   5000   0   5000   0   5000   0   5000   0   5000   0   5000   0   5000   0   5000   0   5000   0   5000   0   5000   0   5000   0   5000   0   5000   
0   0   0   0   0   0   0   0   0   0   0   0   0   0   0   0   0   0   0   0   0   0   4800   4800   4800   4800   4800   4800   4800   4800   4800   4800   

0   0   3000   3000   6000   6000   9000   9000   12000   12000   15000   15000   18000   18000   21000   21000   24000   24000   27000   27000   30000   30000   3000   3000   9000   9000   15000   15000   21000   21000   27000   27000   
0   5000   0   5000   0   5000   0   5000   0   5000   0   5000   0   5000   0   5000   0   5000   0   5000   0   5000   0   5000   0   5000   0   5000   0   5000   0   5000   
0   0   0   0   0   0   0   0   0   0   0   0   0   0   0   0   0   0   0   0   0   0   4800   4800   4800   4800   4800   4800   4800   4800   4800   4800   

0   0   2000   2000   4000   4000   6000   6000   8000   8000   10000   10000   12000   12000   14000   14000   16000   16000   18000   18000   20000   20000   2000   2000   6000   6000   10000   10000   14000   14000   18000   18000   
0   5000   0   5000   0   5000   0   5000   0   5000   0   5000   0   5000   0   5000   0   5000   0   5000   0   5000   0   5000   0   5000   0   5000   0   5000   0   5000   
0   0   0   0   0   0   0   0   0   0   0   0   0   0   0   0   0   0   0   0   0   0   4900   4900   4900   4900   4900   4900   4900   4900   4900   4900   

0   0   2100   2100   4200   4200   6300   6300   8400   8400   10500   10500   12600   12600   14700   14700   16800   16800   18900   18900   21000   21000   2100   2100   6300   6300   10500   10500   14700   14700   18900   18900   
0   5000   0   5000   0   5000   0   5000   0   5000   0   5000   0   5000   0   5000   0   5000   0   5000   0   5000   0   5000   0   5000   0   5000   0   5000   0   5000   
0   0   0   0   0   0   0   0   0   0   0   0   0   0   0   0   0   0   0   0   0   0   4900   4900   4900   4900   4900   4900   4900   4900   4900   4900   

0   0   2200   2200   4400   4400   6600   6600   8800   8800   11000   11000   13200   13200   15400   15400   17600   17600   19800   19800   22000   22000   2200   2200   6600   6600   11000   11000   15400   15400   19800   19800   
0   5000   0   5000   0   5000   0   5000   0   5000   0   5000   0   5000   0   5000   0   5000   0   5000   0   5000   0   5000   0   5000   0   5000   0   5000   0   5000   
0   0   0   0   0   0   0   0   0   0   0   0   0   0   0   0   0   0   0   0   0   0   4900   4900   4900   4900   4900   4900   4900   4900   4900   4900   

0   0   2300   2300   4600   4600   6900   6900   9200   9200   11500   11500   13800   13800   16100   16100   18400   18400   20700   20700   23000   23000   2300   2300   6900   6900   11500   11500   16100   16100   20700   20700   
0   5000   0   5000   0   5000   0   5000   0   5000   0   5000   0   5000   0   5000   0   5000   0   5000   0   5000   0   5000   0   5000   0   5000   0   5000   0   5000   
0   0   0   0   0   0   0   0   0   0   0   0   0   0   0   0   0   0   0   0   0   0   4900   4900   4900   4900   4900   4900   4900   4900   4900   4900   

0   0   2400   2400   4800   4800   7200   7200   9600   9600   12000   12000   14400   14400   16800   16800   19200   19200   21600   21600   24000   24000   2400   2400   7200   7200   12000   12000   16800   16800   21600   21600   
0   5000   0   5000   0   5000   0   5000   0   5000   0   5000   0   5000   0   5000   0   5000   0   5000   0   5000   0   5000   0   5000   0   5000   0   5000   0   5000   
0   0   0   0   0   0   0   0   0   0   0   0   0   0   0   0   0   0   0   0   0   0   4900   4900   4900   4900   4900   4900   4900   4900   4900   4900   

0   0   2500   2500   5000   5000   7500   7500   10000   10000   12500   12500   15000   15000   17500   17500   20000   20000   22500   22500   25000   25000   2500   2500   7500   7500   12500   12500   17500   17500   22500   22500   
0   5000   0   5000   0   5000   0   5000   0   5000   0   5000   0   5000   0   5000   0   5000   0   5000   0   5000   0   5000   0   5000   0   5000   0   5000   0   5000   
0   0   0   0   0   0   0   0   0   0   0   0   0   0   0   0   0   0   0   0   0   0   4900   4900   4900   4900   4900   4900   4900   4900   4900   4900   

0   0   2600   2600   5200   5200   7800   7800   10400   10400   13000   13000   15600   15600   18200   18200   20800   20800   23400   23400   26000   26000   2600   2600   7800   7800   13000   13000   18200   18200   23400   23400   
0   5000   0   5000   0   5000   0   5000   0   5000   0   5000   0   5000   0   5000   0   5000   0   5000   0   5000   0   5000   0   5000   0   5000   0   5000   0   5000   
0   0   0   0   0   0   0   0   0   0   0   0   0   0   0   0   0   0   0   0   0   0   4900   4900   4900   4900   4900   4900   4900   4900   4900   4900   

0   0   2700   2700   5400   5400   8100   8100   10800   10800   13500   13500   16200   16200   18900   18900   21600   21600   24300   24300   27000   27000   2700   2700   8100   8100   13500   13500   18900   18900   24300   24300   
0   5000   0   5000   0   5000   0   5000   0   5000   0   5000   0   5000   0   5000   0   5000   0   5000   0   5000   0   5000   0   5000   0   5000   0   5000   0   5000   
0   0   0   0   0   0   0   0   0   0   0   0   0   0   0   0   0   0   0   0   0   0   4900   4900   4900   4900   4900   4900   4900   4900   4900   4900   

0   0   2800   2800   5600   5600   8400   8400   11200   11200   14000   14000   16800   16800   19600   19600   22400   22400   25200   25200   28000   28000   2800   2800   8400   8400   14000   14000   19600   19600   25200   25200   
0   5000   0   5000   0   5000   0   5000   0   5000   0   5000   0   5000   0   5000   0   5000   0   5000   0   5000   0   5000   0   5000   0   5000   0   5000   0   5000   
0   0   0   0   0   0   0   0   0   0   0   0   0   0   0   0   0   0   0   0   0   0   4900   4900   4900   4900   4900   4900   4900   4900   4900   4900   

0   0   2900   2900   5800   5800   8700   8700   11600   11600   14500   14500   17400   17400   20300   20300   23200   23200   26100   26100   29000   29000   2900   2900   8700   8700   14500   14500   20300   20300   26100   26100   
0   5000   0   5000   0   5000   0   5000   0   5000   0   5000   0   5000   0   5000   0   5000   0   5000   0   5000   0   5000   0   5000   0   5000   0   5000   0   5000   
0   0   0   0   0   0   0   0   0   0   0   0   0   0   0   0   0   0   0   0   0   0   4900   4900   4900   4900   4900   4900   4900   4900   4900   4900   

0   0   3000   3000   6000   6000   9000   9000   12000   12000   15000   15000   18000   18000   21000   21000   24000   24000   27000   27000   30000   30000   3000   3000   9000   9000   15000   15000   21000   21000   27000   27000   
0   5000   0   5000   0   5000   0   5000   0   5000   0   5000   0   5000   0   5000   0   5000   0   5000   0   5000   0   5000   0   5000   0   5000   0   5000   0   5000   
0   0   0   0   0   0   0   0   0   0   0   0   0   0   0   0   0   0   0   0   0   0   4900   4900   4900   4900   4900   4900   4900   4900   4900   4900   

0   0   2000   2000   4000   4000   6000   6000   8000   8000   10000   10000   12000   12000   14000   14000   16000   16000   18000   18000   20000   20000   2000   2000   6000   6000   10000   10000   14000   14000   18000   18000   
0   5000   0   5000   0   5000   0   5000   0   5000   0   5000   0   5000   0   5000   0   5000   0   5000   0   5000   0   5000   0   5000   0   5000   0   5000   0   5000   
0   0   0   0   0   0   0   0   0   0   0   0   0   0   0   0   0   0   0   0   0   0   5000   5000   5000   5000   5000   5000   5000   5000   5000   5000   

0   0   2100   2100   4200   4200   6300   6300   8400   8400   10500   10500   12600   12600   14700   14700   16800   16800   18900   18900   21000   21000   2100   2100   6300   6300   10500   10500   14700   14700   18900   18900   
0   5000   0   5000   0   5000   0   5000   0   5000   0   5000   0   5000   0   5000   0   5000   0   5000   0   5000   0   5000   0   5000   0   5000   0   5000   0   5000   
0   0   0   0   0   0   0   0   0   0   0   0   0   0   0   0   0   0   0   0   0   0   5000   5000   5000   5000   5000   5000   5000   5000   5000   5000   

0   0   2200   2200   4400   4400   6600   6600   8800   8800   11000   11000   13200   13200   15400   15400   17600   17600   19800   19800   22000   22000   2200   2200   6600   6600   11000   11000   15400   15400   19800   19800   
0   5000   0   5000   0   5000   0   5000   0   5000   0   5000   0   5000   0   5000   0   5000   0   5000   0   5000   0   5000   0   5000   0   5000   0   5000   0   5000   
0   0   0   0   0   0   0   0   0   0   0   0   0   0   0   0   0   0   0   0   0   0   5000   5000   5000   5000   5000   5000   5000   5000   5000   5000   

0   0   2300   2300   4600   4600   6900   6900   9200   9200   11500   11500   13800   13800   16100   16100   18400   18400   20700   20700   23000   23000   2300   2300   6900   6900   11500   11500   16100   16100   20700   20700   
0   5000   0   5000   0   5000   0   5000   0   5000   0   5000   0   5000   0   5000   0   5000   0   5000   0   5000   0   5000   0   5000   0   5000   0   5000   0   5000   
0   0   0   0   0   0   0   0   0   0   0   0   0   0   0   0   0   0   0   0   0   0   5000   5000   5000   5000   5000   5000   5000   5000   5000   5000   

0   0   2400   2400   4800   4800   7200   7200   9600   9600   12000   12000   14400   14400   16800   16800   19200   19200   21600   21600   24000   24000   2400   2400   7200   7200   12000   12000   16800   16800   21600   21600   
0   5000   0   5000   0   5000   0   5000   0   5000   0   5000   0   5000   0   5000   0   5000   0   5000   0   5000   0   5000   0   5000   0   5000   0   5000   0   5000   
0   0   0   0   0   0   0   0   0   0   0   0   0   0   0   0   0   0   0   0   0   0   5000   5000   5000   5000   5000   5000   5000   5000   5000   5000   

0   0   2500   2500   5000   5000   7500   7500   10000   10000   12500   12500   15000   15000   17500   17500   20000   20000   22500   22500   25000   25000   2500   2500   7500   7500   12500   12500   17500   17500   22500   22500   
0   5000   0   5000   0   5000   0   5000   0   5000   0   5000   0   5000   0   5000   0   5000   0   5000   0   5000   0   5000   0   5000   0   5000   0   5000   0   5000   
0   0   0   0   0   0   0   0   0   0   0   0   0   0   0   0   0   0   0   0   0   0   5000   5000   5000   5000   5000   5000   5000   5000   5000   5000   

0   0   2600   2600   5200   5200   7800   7800   10400   10400   13000   13000   15600   15600   18200   18200   20800   20800   23400   23400   26000   26000   2600   2600   7800   7800   13000   13000   18200   18200   23400   23400   
0   5000   0   5000   0   5000   0   5000   0   5000   0   5000   0   5000   0   5000   0   5000   0   5000   0   5000   0   5000   0   5000   0   5000   0   5000   0   5000   
0   0   0   0   0   0   0   0   0   0   0   0   0   0   0   0   0   0   0   0   0   0   5000   5000   5000   5000   5000   5000   5000   5000   5000   5000   

0   0   2700   2700   5400   5400   8100   8100   10800   10800   13500   13500   16200   16200   18900   18900   21600   21600   24300   24300   27000   27000   2700   2700   8100   8100   13500   13500   18900   18900   24300   24300   
0   5000   0   5000   0   5000   0   5000   0   5000   0   5000   0   5000   0   5000   0   5000   0   5000   0   5000   0   5000   0   5000   0   5000   0   5000   0   5000   
0   0   0   0   0   0   0   0   0   0   0   0   0   0   0   0   0   0   0   0   0   0   5000   5000   5000   5000   5000   5000   5000   5000   5000   5000   

0   0   2800   2800   5600   5600   8400   8400   11200   11200   14000   14000   16800   16800   19600   19600   22400   22400   25200   25200   28000   28000   2800   2800   8400   8400   14000   14000   19600   19600   25200   25200   
0   5000   0   5000   0   5000   0   5000   0   5000   0   5000   0   5000   0   5000   0   5000   0   5000   0   5000   0   5000   0   5000   0   5000   0   5000   0   5000   
0   0   0   0   0   0   0   0   0   0   0   0   0   0   0   0   0   0   0   0   0   0   5000   5000   5000   5000   5000   5000   5000   5000   5000   5000   

0   0   2900   2900   5800   5800   8700   8700   11600   11600   14500   14500   17400   17400   20300   20300   23200   23200   26100   26100   29000   29000   2900   2900   8700   8700   14500   14500   20300   20300   26100   26100   
0   5000   0   5000   0   5000   0   5000   0   5000   0   5000   0   5000   0   5000   0   5000   0   5000   0   5000   0   5000   0   5000   0   5000   0   5000   0   5000   
0   0   0   0   0   0   0   0   0   0   0   0   0   0   0   0   0   0   0   0   0   0   5000   5000   5000   5000   5000   5000   5000   5000   5000   5000   

0   0   3000   3000   6000   6000   9000   9000   12000   12000   15000   15000   18000   18000   21000   21000   24000   24000   27000   27000   30000   30000   3000   3000   9000   9000   15000   15000   21000   21000   27000   27000   
0   5000   0   5000   0   5000   0   5000   0   5000   0   5000   0   5000   0   5000   0   5000   0   5000   0   5000   0   5000   0   5000   0   5000   0   5000   0   5000   
0   0   0   0   0   0   0   0   0   0   0   0   0   0   0   0   0   0   0   0   0   0   5000   5000   5000   5000   5000   5000   5000   5000   5000   5000   

